1 2 0.9374408746604461
2 7 0.6249433141548209
3 12 0.31247372483690333
4 17 0.23435841610547775
5 22 0.07812453116281397
6 28 0.11718518514827103
7 33 0.03906113054252285
8 38 0.019530458260276325
9 43 0.01952897945298251
10 48 0.019530918824266916
11 54 0.07812392952386085
12 59 0.15624586995126236
13 64 0.23436845575226603
14 69 0.4687122454088119
15 74 0.6249846034758464
16 80 0.9374086201382559
17 85 0.9374896028060012
18 90 1.8749938026602253
19 95 5.624892997302122
20 101 0.17578098492269043
