 nmodes=            1  nfields=            2  max_plot=          289
 ky=   3.9825248070492709E-002   width=    1.000000000000000     
 theta     ((Re(field_i), Im(field_i),i=(1,nfields)),j=1,nmodes)
Tearing metric:  [   0.138217E-003   0.199820E+001   0.199820E+001   0.199809E+001 ]
DEP: [   0.193119E-003   0.000000E+000   0.000000E+000   0.000000E+000]
chi_th: [  -0.319965E+001   0.000000E+000   0.000000E+000   0.000000E+000]
chi_i: [  -0.263169E+002   0.000000E+000   0.000000E+000   0.000000E+000]
chi_i_cond: [  -0.119217E+002   0.000000E+000   0.000000E+000   0.000000E+000]
chi_e: [   0.998598E+001   0.000000E+000   0.000000E+000   0.000000E+000]
chi_e_cond: [   0.209920E+001   0.000000E+000   0.000000E+000   0.000000E+000]
i_QL_cond_flux: [  -0.724271E-005   0.000000E+000   0.000000E+000   0.000000E+000]
e_QL_cond_flux: [   0.209920E-005   0.000000E+000   0.000000E+000   0.000000E+000]
QL_ratio: [   0.212533E+003             NaN             NaN             NaN]
EP QL convective fraction: [   0.301706E+000             NaN             NaN             NaN]
<theta^2>: [   0.217739E+001   0.856671E+001   0.601310E+001   0.654709E+001]
 Mode kept T/F for each mode:    T  F  F  F
 Theta      Re(phi)        Im(phi)        Re(B_per)        Im(B_per)
-28.274335   0.240153E-168  -0.205637E-170  -0.124511E-169   0.436878E-168
-28.106272   0.509364E-166  -0.436206E-168  -0.262273E-167   0.920292E-166
-27.935029   0.112063E-163  -0.959795E-166  -0.572974E-165   0.201059E-163
-27.757081   0.277185E-161  -0.237432E-163  -0.140693E-162   0.493721E-161
-27.568254   0.847259E-159  -0.725847E-161  -0.426758E-160   0.149765E-158
-27.363680   0.355943E-156  -0.304982E-158  -0.177814E-157   0.624046E-156
-27.139126   0.221563E-153  -0.189873E-155  -0.109699E-154   0.385015E-153
-26.896317   0.184364E-150  -0.158024E-152  -0.904168E-152   0.317360E-150
-26.649468   0.133730E-147  -0.114646E-149  -0.649647E-149   0.228038E-147
-26.416100   0.536321E-145  -0.459864E-147  -0.258254E-146   0.906573E-145
-26.202084   0.107422E-142  -0.921236E-145  -0.513191E-144   0.180160E-142
-26.004628   0.121914E-140  -0.104567E-142  -0.578257E-142   0.203012E-140
-25.819173   0.918309E-139  -0.787762E-141  -0.432685E-140   0.151912E-138
-25.641826   0.522100E-137  -0.447941E-139  -0.244457E-138   0.858305E-137
-25.469655   0.246393E-135  -0.211424E-137  -0.114667E-136   0.402619E-135
-25.300505   0.103441E-133  -0.887723E-136  -0.478529E-135   0.168029E-133
-25.132741   0.406964E-132  -0.349303E-134  -0.187153E-133   0.657191E-132
-24.964982   0.156671E-130  -0.134492E-132  -0.716202E-132   0.251507E-130
-24.795849   0.615580E-129  -0.528514E-131  -0.279700E-130   0.982261E-129
-24.623707   0.259164E-127  -0.222542E-129  -0.117020E-128   0.410974E-127
-24.446406   0.124451E-125  -0.106883E-127  -0.558253E-127   0.196068E-125
-24.261022   0.740813E-124  -0.636351E-126  -0.329978E-125   0.115901E-123
-24.063664   0.609666E-122  -0.523801E-124  -0.269477E-123   0.946561E-122
-23.849780   0.788709E-120  -0.677784E-122  -0.345618E-121   0.121410E-119
-23.616566   0.175429E-117  -0.150797E-119  -0.761265E-119   0.267441E-117
-23.369776   0.595876E-115  -0.512362E-117  -0.255809E-116   0.898764E-115
-23.126843   0.203686E-112  -0.175194E-114  -0.864844E-114   0.303885E-112
-22.902128   0.485782E-110  -0.417961E-112  -0.204094E-111   0.717202E-110
-22.697428   0.753764E-108  -0.648725E-110  -0.313553E-109   0.110194E-107
-22.508510   0.824878E-106  -0.710136E-108  -0.339915E-107   0.119469E-105
-22.330502   0.703774E-104  -0.606053E-106  -0.287384E-105   0.101015E-103
-22.159224   0.509400E-102  -0.438796E-104  -0.206164E-103   0.724723E-102
-21.991150   0.334929E-100  -0.288592E-102  -0.134354E-101   0.472330E-100
-21.823086   0.212190E-098  -0.182889E-100  -0.843590E-100   0.296595E-098
-21.651844   0.137114E-096  -0.118218E-098  -0.540142E-098   0.189924E-096
-21.473896   0.961198E-095  -0.829013E-097  -0.375061E-096   0.131891E-094
-21.285069   0.785483E-093  -0.677710E-095  -0.303427E-094   0.106711E-092
-21.080495   0.810693E-091  -0.699743E-093  -0.309794E-092   0.108963E-090
-20.855941   0.111685E-088  -0.964432E-091  -0.421795E-090   0.148375E-088
-20.613132   0.189339E-086  -0.163580E-088  -0.706139E-088   0.248433E-086
-20.366283   0.284734E-084  -0.246123E-086  -0.104863E-085   0.368981E-084
-20.132915   0.269144E-082  -0.232759E-084  -0.979683E-084   0.344766E-082
-19.918899   0.148592E-080  -0.128562E-082  -0.535197E-082   0.188367E-080
-19.721442   0.529004E-079  -0.457886E-081  -0.188717E-080   0.664280E-079
-19.535988   0.137181E-077  -0.118786E-079  -0.485039E-079   0.170752E-077
-19.358640   0.285930E-076  -0.247683E-078  -0.100247E-077   0.352941E-076
-19.186469   0.515009E-075  -0.446288E-077  -0.179090E-076   0.630590E-075
-19.017320   0.844847E-074  -0.732390E-076  -0.291432E-075   0.102626E-073
-18.849556   0.131284E-072  -0.113853E-074  -0.449247E-074   0.158216E-072
-18.681797   0.199608E-071  -0.173172E-073  -0.677542E-073   0.238642E-071
-18.512663   0.306387E-070  -0.265918E-072  -0.103144E-071   0.363331E-070
-18.340522   0.492120E-069  -0.427302E-071  -0.164262E-070   0.578690E-069
-18.163221   0.865889E-068  -0.752187E-070  -0.286438E-069   0.100924E-067
-17.977836   0.177323E-066  -0.154116E-068  -0.580967E-068   0.204726E-066
-17.780478   0.457365E-065  -0.397732E-067  -0.148271E-066   0.522567E-065
-17.566595   0.162896E-063  -0.141748E-065  -0.521838E-065   0.183949E-063
-17.333381   0.852413E-062  -0.742313E-064  -0.269405E-063   0.949845E-062
-17.086591   0.598326E-060  -0.521493E-062  -0.186295E-061   0.656974E-060
-16.843658   0.414593E-058  -0.361684E-060  -0.127120E-059   0.448398E-058
-16.618943   0.217563E-056  -0.189970E-058  -0.657274E-058   0.231900E-056
-16.414242   0.824433E-055  -0.720506E-057  -0.245608E-056   0.866757E-055
-16.225325   0.239790E-053  -0.209743E-055  -0.704899E-055   0.248817E-053
-16.047316   0.576438E-052  -0.504640E-054  -0.167278E-053   0.590594E-052
-15.876039   0.121823E-050  -0.106742E-052  -0.349051E-052   0.123265E-050
-15.707964   0.237805E-049  -0.208550E-051  -0.672758E-051   0.237634E-049
-15.539901   0.447202E-048  -0.392547E-050  -0.124895E-049   0.441266E-048
-15.368658   0.843233E-047  -0.740894E-049  -0.232401E-048   0.821303E-047
-15.190710   0.166379E-045  -0.146338E-047  -0.452258E-047   0.159871E-045
-15.001884   0.360793E-044  -0.317693E-046  -0.966434E-046   0.341730E-044
-14.797310   0.907346E-043  -0.799960E-045  -0.239218E-044   0.846152E-043
-14.572756   0.274138E-041  -0.242036E-043  -0.710326E-043   0.251346E-041
-14.329946   0.937437E-040  -0.828965E-042  -0.238414E-041   0.843965E-040
-14.083097   0.289285E-038  -0.256231E-040  -0.722017E-040   0.255697E-038
-13.849730   0.638212E-037  -0.566188E-039  -0.156509E-038   0.554496E-037
-13.635713   0.962475E-036  -0.855125E-038  -0.232287E-037   0.823289E-036
-13.438257   0.106589E-034  -0.948321E-037  -0.253514E-036   0.898850E-035
-13.252803   0.944045E-034  -0.841038E-036  -0.221494E-035   0.785594E-034
-13.075455   0.715850E-033  -0.638571E-035  -0.165782E-034   0.588197E-033
-12.903284   0.488394E-032  -0.436234E-034  -0.111683E-033   0.396386E-032
-12.734135   0.310703E-031  -0.277883E-033  -0.701655E-033   0.249118E-031
-12.566371   0.189241E-030  -0.169477E-032  -0.422033E-032   0.149893E-030
-12.398612   0.112744E-029  -0.101109E-031  -0.248259E-031   0.882059E-030
-12.229478   0.670557E-029  -0.602230E-031  -0.145742E-030   0.518015E-029
-12.057336   0.407392E-028  -0.366445E-030  -0.873524E-030   0.310605E-028
-11.880036   0.260238E-027  -0.234471E-029  -0.550056E-029   0.195674E-027
-11.694651   0.181506E-026  -0.163837E-028  -0.377751E-028   0.134445E-026
-11.497293   0.145076E-025  -0.131227E-027  -0.296805E-027   0.105694E-025
-11.283410   0.140413E-024  -0.127320E-026  -0.281742E-026   0.100395E-024
-11.050196   0.170255E-023  -0.154826E-025  -0.334097E-025   0.119143E-023
-10.803405   0.242718E-022  -0.221463E-024  -0.464584E-024   0.165825E-022
-10.560472   0.334717E-021  -0.306514E-023  -0.624304E-023   0.223052E-021
-10.335758   0.379471E-020  -0.348775E-022  -0.690133E-022   0.246816E-020
-10.131057   0.344972E-019  -0.318222E-021  -0.612424E-021   0.219241E-019
 -9.942140   0.262049E-018  -0.242609E-020  -0.454505E-020   0.162869E-018
 -9.764131   0.174426E-017  -0.162081E-019  -0.295702E-019   0.106070E-017
 -9.592853   0.105749E-016  -0.986365E-019  -0.175244E-018   0.629265E-017
 -9.424779   0.601857E-016  -0.563596E-018  -0.974700E-018   0.350379E-016
 -9.256716   0.329676E-015  -0.310009E-017  -0.521454E-017   0.187667E-015
 -9.085473   0.177807E-014  -0.167952E-016  -0.274413E-016   0.988839E-015
 -8.907525   0.966505E-014  -0.917419E-016  -0.145333E-015   0.524431E-014
 -8.718699   0.543247E-013  -0.518483E-015  -0.794291E-015   0.287065E-013
 -8.514124   0.324267E-012  -0.311418E-014  -0.459720E-014   0.166446E-012
 -8.289571   0.208561E-011  -0.201746E-013  -0.285694E-013   0.103655E-011
 -8.046761   0.139149E-010  -0.135718E-012  -0.183551E-012   0.667582E-011
 -7.799912   0.850863E-010  -0.837284E-012  -0.107946E-011   0.393648E-010
 -7.566544   0.423441E-009  -0.420392E-011  -0.517492E-011   0.189222E-009
 -7.352528   0.168925E-008  -0.169145E-010  -0.199397E-010   0.731019E-009
 -7.155072   0.564534E-008  -0.569941E-010  -0.645081E-010   0.237105E-008
 -6.969617   0.165852E-007  -0.168798E-009  -0.183736E-009   0.677067E-008
 -6.792270   0.444558E-007  -0.456125E-009  -0.477851E-009   0.176546E-007
 -6.620099   0.111627E-006  -0.115478E-008  -0.116441E-008   0.431356E-007
 -6.450949   0.267451E-006  -0.279039E-008  -0.270659E-008   0.100548E-006
 -6.283185   0.619515E-006  -0.652140E-008  -0.607787E-008   0.226466E-006
 -6.115426   0.140148E-005  -0.148928E-007  -0.133139E-007   0.497690E-006
 -5.946293   0.312433E-005  -0.335390E-007  -0.286931E-007   0.107637E-005
 -5.774151   0.692882E-005  -0.752060E-007  -0.613742E-007   0.231139E-005
 -5.596850   0.154568E-004  -0.169843E-006  -0.131632E-006   0.497946E-005
 -5.411466   0.351578E-004  -0.391763E-006  -0.286554E-006   0.108964E-004
 -5.214108   0.828516E-004  -0.938473E-006  -0.642090E-006   0.245696E-004
 -5.000225   0.205455E-003  -0.237381E-005  -0.149992E-005   0.578474E-004
 -4.767011   0.537786E-003  -0.636743E-005  -0.365211E-005   0.142286E-003
 -4.520220   0.143236E-002  -0.174700E-004  -0.892231E-005   0.352155E-003
 -4.277287   0.358550E-002  -0.452279E-004  -0.202680E-004   0.812652E-003
 -4.052573   0.798528E-002  -0.104390E-003  -0.407167E-004   0.166224E-002
 -3.847872   0.158196E-001  -0.214595E-003  -0.724137E-004   0.301671E-002
 -3.658954   0.284653E-001  -0.401215E-003  -0.116222E-003   0.495399E-002
 -3.480946   0.474452E-001  -0.696079E-003  -0.171165E-003   0.749118E-002
 -3.309668   0.742963E-001  -0.113712E-002  -0.233703E-003   0.105501E-001
 -3.141594   0.110342E+000  -0.176646E-002  -0.297162E-003   0.139206E-001
 -2.973531   0.156374E+000  -0.262625E-002  -0.351754E-003   0.172340E-001
 -2.802288   0.212265E+000  -0.375121E-002  -0.385776E-003   0.199630E-001
 -2.624340   0.276543E+000  -0.515552E-002  -0.388840E-003   0.214729E-001
 -2.435513   0.346003E+000  -0.680907E-002  -0.358521E-003   0.211666E-001
 -2.230939   0.415593E+000  -0.859232E-002  -0.312373E-003   0.188035E-001
 -2.006385   0.479324E+000  -0.102194E-001  -0.304538E-003   0.150947E-001
 -1.763576   0.533985E+000  -0.111901E-001  -0.424069E-003   0.122729E-001
 -1.516727   0.584582E+000  -0.110387E-001  -0.716094E-003   0.129112E-001
 -1.283359   0.640716E+000  -0.981437E-002  -0.109248E-002   0.168873E-001
 -1.069343   0.705901E+000  -0.796815E-002  -0.141103E-002   0.216646E-001
 -0.871886   0.776548E+000  -0.593072E-002  -0.157867E-002   0.248881E-001
 -0.686432   0.846293E+000  -0.398972E-002  -0.156053E-002   0.252945E-001
 -0.509084   0.908604E+000  -0.232667E-002  -0.135956E-002   0.225298E-001
 -0.336913   0.957740E+000  -0.106023E-002  -0.100223E-002   0.168674E-001
 -0.167764   0.989181E+000  -0.269099E-003  -0.531107E-003   0.901968E-002
  0.000000   0.100000E+001  -0.341200E-016  -0.575525E-007  -0.897632E-007
  0.167759   0.989181E+000  -0.268623E-003   0.530981E-003  -0.901963E-002
  0.336893   0.957745E+000  -0.105925E-002   0.100207E-002  -0.168668E-001
  0.509034   0.908620E+000  -0.232509E-002   0.135938E-002  -0.225287E-001
  0.686335   0.846329E+000  -0.398742E-002   0.156038E-002  -0.252938E-001
  0.871720   0.776612E+000  -0.592756E-002   0.157866E-002  -0.248897E-001
  1.069078   0.705995E+000  -0.796415E-002   0.141131E-002  -0.216702E-001
  1.282961   0.640831E+000  -0.981013E-002   0.109314E-002  -0.168962E-001
  1.516175   0.584708E+000  -0.110358E-001   0.716921E-003  -0.129172E-001
  1.762965   0.534119E+000  -0.111899E-001   0.424586E-003  -0.122691E-001
  2.005898   0.479462E+000  -0.102208E-001   0.304613E-003  -0.150860E-001
  2.230613   0.415714E+000  -0.859323E-002   0.312294E-003  -0.187978E-001
  2.435314   0.346090E+000  -0.680884E-002   0.358462E-003  -0.211650E-001
  2.624231   0.276594E+000  -0.515439E-002   0.388824E-003  -0.214733E-001
  2.802240   0.212289E+000  -0.374967E-002   0.385777E-003  -0.199636E-001
  2.973517   0.156383E+000  -0.262472E-002   0.351754E-003  -0.172342E-001
  3.141592   0.110346E+000  -0.176520E-002   0.297159E-003  -0.139206E-001
  3.309655   0.743017E-001  -0.113622E-002   0.233706E-003  -0.105503E-001
  3.480898   0.474540E-001  -0.695531E-003   0.171181E-003  -0.749202E-002
  3.658846   0.284768E-001  -0.400943E-003   0.116253E-003  -0.495547E-002
  3.847672   0.158318E-001  -0.214502E-003   0.724563E-004  -0.301858E-002
  4.052246   0.799582E-002  -0.104389E-003   0.407606E-004  -0.166410E-002
  4.276800   0.359272E-002  -0.452521E-004   0.203028E-004  -0.814085E-003
  4.519609   0.143602E-002  -0.174859E-004   0.894231E-005  -0.352960E-003
  4.766459   0.539092E-003  -0.637121E-005   0.366001E-005  -0.142598E-003
  4.999826   0.205837E-003  -0.237344E-005   0.150241E-005  -0.579445E-004
  5.213843   0.829580E-004  -0.937638E-006   0.642814E-006  -0.245977E-004
  5.411299   0.351872E-004  -0.391185E-006   0.286757E-006  -0.109043E-004
  5.596753   0.154648E-004  -0.169517E-006   0.131686E-006  -0.498154E-005
  5.774101   0.693096E-005  -0.750376E-007   0.613869E-007  -0.231188E-005
  5.946272   0.312489E-005  -0.334559E-007   0.286954E-007  -0.107646E-005
  6.115421   0.140164E-005  -0.148534E-007   0.133141E-007  -0.497699E-006
  6.283185   0.619573E-006  -0.650335E-008   0.607785E-008  -0.226466E-006
  6.450944   0.267482E-006  -0.278245E-008   0.270663E-008  -0.100550E-006
  6.620078   0.111649E-006  -0.115147E-008   0.116452E-008  -0.431399E-007
  6.792219   0.444721E-007  -0.454846E-009   0.477972E-009  -0.176591E-007
  6.969520   0.165961E-007  -0.168355E-009   0.183834E-009  -0.677431E-008
  7.154905   0.565172E-008  -0.568652E-010   0.645721E-010  -0.237342E-008
  7.352263   0.169241E-008  -0.168867E-010   0.199739E-010  -0.732276E-009
  7.566146   0.424691E-009  -0.420097E-011   0.518924E-011  -0.189748E-009
  7.799360   0.854478E-010  -0.837651E-012   0.108382E-011  -0.395241E-010
  8.046151   0.139842E-010  -0.135853E-012   0.184425E-012  -0.670765E-011
  8.289084   0.209482E-011  -0.201799E-013   0.286896E-013  -0.104092E-011
  8.513798   0.325320E-012  -0.311085E-014   0.461127E-014  -0.166956E-012
  8.718499   0.544406E-013  -0.517272E-015   0.795852E-015  -0.287630E-013
  8.907416   0.967717E-014  -0.914341E-016   0.145493E-015  -0.525009E-014
  9.085425   0.177920E-014  -0.167262E-016   0.274547E-016  -0.989322E-015
  9.256702   0.329763E-015  -0.308581E-017   0.521516E-017  -0.187690E-015
  9.424777   0.601944E-016  -0.560860E-018   0.974696E-018  -0.350378E-016
  9.592840   0.105778E-016  -0.981583E-019   0.175266E-018  -0.629346E-017
  9.764083   0.174547E-017  -0.161342E-019   0.295860E-019  -0.106127E-017
  9.942031   0.262425E-018  -0.241650E-020   0.455079E-020  -0.163075E-018
 10.130857   0.345857E-019  -0.317279E-021   0.613881E-021  -0.219763E-019
 10.335432   0.381033E-020  -0.348229E-022   0.692832E-022  -0.247782E-020
 10.559985   0.336700E-021  -0.306537E-023   0.627862E-023  -0.224324E-021
 10.802795   0.244442E-022  -0.221702E-024   0.467772E-024  -0.166964E-022
 11.049644   0.171351E-023  -0.154865E-025   0.336168E-025  -0.119882E-023
 11.283012   0.141076E-024  -0.127116E-026   0.283011E-026  -0.100848E-024
 11.497028   0.145533E-025  -0.130794E-027   0.297679E-027  -0.106005E-025
 11.694484   0.181868E-026  -0.163088E-028   0.378427E-028  -0.134686E-026
 11.879939   0.260551E-027  -0.233190E-029   0.550610E-029  -0.195871E-027
 12.057286   0.407676E-028  -0.364221E-030   0.873962E-030  -0.310762E-028
 12.229457   0.670820E-029  -0.598334E-031   0.145771E-030  -0.518119E-029
 12.398607   0.112771E-029  -0.100430E-031   0.248269E-031  -0.882096E-030
 12.566371   0.189278E-030  -0.168316E-032   0.422033E-032  -0.149893E-030
 12.734130   0.310778E-031  -0.275965E-033   0.701685E-033  -0.249129E-031
 12.903263   0.488595E-032  -0.433255E-034   0.111706E-033  -0.396470E-032
 13.075405   0.716387E-033  -0.634362E-035   0.165872E-034  -0.588517E-033
 13.252706   0.945302E-034  -0.835894E-036   0.221741E-035  -0.786472E-034
 13.438090   0.106830E-034  -0.943299E-037   0.254032E-036  -0.900689E-035
 13.635448   0.966036E-036  -0.851713E-038   0.233092E-037  -0.826144E-036
 13.849331   0.641877E-037  -0.565004E-039   0.157369E-038  -0.557544E-037
 14.082545   0.291637E-038  -0.256266E-040   0.727697E-040  -0.257709E-038
 14.329336   0.946222E-040  -0.829963E-042   0.240583E-041  -0.851644E-040
 14.572269   0.276375E-041  -0.241998E-043   0.715930E-043  -0.253330E-041
 14.796983   0.912707E-043  -0.797924E-045   0.240569E-044  -0.850932E-043
 15.001684   0.362173E-044  -0.316183E-046   0.969886E-046  -0.342951E-044
 15.190602   0.166748E-045  -0.145390E-047   0.453149E-047  -0.160186E-045
 15.368610   0.844167E-047  -0.735184E-049   0.232602E-048  -0.822012E-047
 15.539888   0.447406E-048  -0.389220E-050   0.124922E-049  -0.441360E-048
 15.707962   0.237863E-049  -0.206713E-051   0.672755E-051  -0.237634E-049
 15.876025   0.121880E-050  -0.105813E-052   0.349127E-052  -0.123292E-050
 16.047268   0.577109E-052  -0.500534E-054   0.167429E-053  -0.591131E-052
 16.225216   0.240364E-053  -0.208266E-055   0.706400E-055  -0.249348E-053
 16.414043   0.827934E-055  -0.716660E-057   0.246583E-056  -0.870199E-055
 16.618617   0.219033E-056  -0.189402E-058   0.661524E-058  -0.233400E-056
 16.843171   0.418587E-058  -0.361578E-060   0.128305E-059  -0.452582E-058
 17.085980   0.605171E-060  -0.522191E-062   0.188368E-061  -0.664285E-060
 17.332829   0.861160E-062  -0.742323E-064   0.272085E-063  -0.959297E-062
 17.566197   0.164112E-063  -0.141338E-065   0.525577E-065  -0.185267E-063
 17.780213   0.459626E-065  -0.395535E-067   0.148960E-066  -0.524995E-065
 17.977670   0.177873E-066  -0.152966E-068   0.582598E-068  -0.205301E-066
 18.163124   0.867502E-068  -0.745575E-070   0.286888E-069  -0.101082E-067
 18.340472   0.492647E-069  -0.423169E-071   0.164390E-070  -0.579141E-069
 18.512642   0.306571E-070  -0.263197E-072   0.103176E-071  -0.363443E-070
 18.681792   0.199679E-071  -0.171343E-073   0.677585E-073  -0.238658E-071
 18.849556   0.131323E-072  -0.112632E-074   0.449247E-074  -0.158216E-072
 19.017315   0.845155E-074  -0.724523E-076   0.291450E-075  -0.102633E-073
 19.186448   0.515328E-075  -0.441566E-077   0.179146E-076  -0.630791E-075
 19.358590   0.286251E-076  -0.245163E-078   0.100329E-077  -0.353231E-076
 19.535891   0.137454E-077  -0.117667E-079   0.485853E-079  -0.171038E-077
 19.721276   0.530788E-079  -0.454153E-081   0.189293E-080  -0.666310E-079
 19.918633   0.149407E-080  -0.127768E-082   0.537957E-082  -0.189339E-080
 20.132517   0.271425E-082  -0.231980E-084   0.987656E-084  -0.347572E-082
 20.365731   0.288135E-084  -0.246106E-086   0.106079E-085  -0.373259E-084
 20.612521   0.191930E-086  -0.163826E-088   0.715548E-088  -0.251744E-086
 20.855454   0.113008E-088  -0.963972E-091   0.426640E-090  -0.150080E-088
 21.080169   0.817605E-091  -0.697011E-093   0.312325E-092  -0.109854E-090
 21.284869   0.789795E-093  -0.672938E-095   0.304987E-094  -0.107260E-092
 21.473787   0.964243E-095  -0.821168E-097   0.376119E-096  -0.132263E-094
 21.651796   0.137330E-096  -0.116899E-098   0.540806E-098  -0.190158E-096
 21.823073   0.212327E-098  -0.180659E-100   0.843844E-100  -0.296685E-098
 21.991147   0.335044E-100  -0.284952E-102   0.134354E-101  -0.472329E-100
 22.159211   0.509735E-102  -0.433346E-104   0.206228E-103  -0.724945E-102
 22.330454   0.704922E-104  -0.599036E-106   0.287750E-105  -0.101143E-103
 22.508401   0.827637E-106  -0.703028E-108   0.340928E-107  -0.119825E-105
 22.697228   0.758218E-108  -0.643789E-110   0.315289E-109  -0.110805E-107
 22.901802   0.490333E-110  -0.416150E-112   0.205928E-111  -0.723648E-110
 23.126356   0.206398E-112  -0.175091E-114   0.876013E-114  -0.307810E-112
 23.369165   0.605259E-115  -0.513210E-117   0.259733E-116  -0.912554E-115
 23.616014   0.177897E-117  -0.150773E-119   0.771664E-119  -0.271094E-117
 23.849382   0.796751E-120  -0.674995E-122   0.349004E-121  -0.122599E-119
 24.063398   0.613764E-122  -0.519787E-124   0.271182E-123  -0.952551E-122
 24.260855   0.743928E-124  -0.629823E-126   0.331236E-125  -0.116342E-123
 24.446309   0.124765E-125  -0.105598E-127   0.559440E-127  -0.196486E-125
 24.623657   0.259538E-127  -0.219610E-129   0.117143E-128  -0.411407E-127
 24.795828   0.616077E-129  -0.521167E-131   0.279816E-130  -0.982668E-129
 24.964977   0.156746E-130  -0.132567E-132   0.716263E-132  -0.251529E-130
 25.132741   0.407126E-132  -0.344243E-134   0.187152E-133  -0.657191E-132
 25.300500   0.103491E-133  -0.874864E-136   0.478571E-135  -0.168044E-133
 25.469634   0.246597E-135  -0.208413E-137   0.114715E-136  -0.402791E-135
 25.641775   0.522882E-137  -0.441816E-139   0.244724E-138  -0.859243E-137
 25.819076   0.920737E-139  -0.777804E-141   0.433651E-140  -0.152251E-138
 26.004461   0.122459E-140  -0.103423E-142   0.580604E-142  -0.203836E-140
 26.201819   0.108202E-142  -0.913582E-145   0.516701E-144  -0.181392E-142
 26.415702   0.542328E-145  -0.457769E-147   0.261035E-146  -0.916334E-145
 26.648916   0.135836E-147  -0.114620E-149   0.659585E-149  -0.231526E-147
 26.895707   0.187681E-150  -0.158313E-152   0.920023E-152  -0.322925E-150
 27.138639   0.225002E-153  -0.189730E-155   0.111352E-154  -0.390816E-153
 27.363354   0.359907E-156  -0.303391E-158   0.179714E-157  -0.630714E-156
 27.568055   0.853316E-159  -0.719115E-161   0.429618E-160  -0.150769E-158
 27.756972   0.278325E-161  -0.234491E-163   0.141209E-162  -0.495533E-161
 27.934981   0.112292E-163  -0.945831E-166   0.573887E-165  -0.201380E-163
 28.106258   0.509789E-166  -0.429291E-168   0.262376E-167  -0.920652E-166
 28.274333   0.240259E-168  -0.202274E-170   0.124510E-169  -0.436876E-168
