 nmodes=            2  nfields=            2  max_plot=          289
 ky=   3.4911135623808098E-002   width=    1.000000000000000     
 theta     ((Re(field_i), Im(field_i),i=(1,nfields)),j=1,nmodes)
Tearing metric:  [   0.199743E+001   0.200930E-003   0.199816E+001   0.199780E+001 ]
DEP: [   0.201660E-003   0.112018E-004   0.000000E+000   0.000000E+000]
chi_th: [   0.245328E+001  -0.625826E+000   0.000000E+000   0.000000E+000]
chi_i: [   0.174891E+002  -0.171215E+001   0.000000E+000   0.000000E+000]
chi_i_cond: [   0.900499E+001  -0.104458E+001   0.000000E+000   0.000000E+000]
chi_e: [   0.213219E+002  -0.143215E+000   0.000000E+000   0.000000E+000]
chi_e_cond: [  -0.185899E+001  -0.350206E+000   0.000000E+000   0.000000E+000]
i_QL_cond_flux: [   0.592699E-005  -0.687531E-006   0.000000E+000   0.000000E+000]
e_QL_cond_flux: [  -0.185899E-005  -0.350206E-006   0.000000E+000   0.000000E+000]
QL_ratio: [   0.207990E+003   0.179541E+003             NaN             NaN]
EP QL convective fraction: [   0.353941E+000   0.196344E+000             NaN             NaN]
<theta^2>: [   0.505523E+001   0.187353E+001   0.413540E+001   0.660506E+001]
 Mode kept T/F for each mode:    F  T  F  F
 Theta      Re(phi)        Im(phi)        Re(B_per)        Im(B_per)
-28.274335   0.189862E-168  -0.110844E-170   0.104973E-171   0.183442E-168
-28.106829   0.392552E-166  -0.229183E-168   0.215606E-169   0.376702E-166
-27.936071   0.854666E-164  -0.498996E-166   0.466250E-167   0.814456E-164
-27.758407   0.215802E-161  -0.126000E-163   0.116899E-164   0.204159E-161
-27.569386   0.708037E-159  -0.413416E-161   0.380674E-162   0.664675E-159
-27.363563   0.343872E-156  -0.200792E-158   0.183384E-159   0.320115E-156
-27.135777   0.272403E-153  -0.159067E-155   0.143978E-156   0.251257E-153
-26.887654   0.308223E-150  -0.179993E-152   0.161356E-153   0.281496E-150
-26.636546   0.281450E-147  -0.164367E-149   0.145951E-150   0.254541E-147
-26.402710   0.118742E-144  -0.693487E-147   0.610511E-148   0.106444E-144
-26.190820   0.218780E-142  -0.127779E-144   0.111645E-145   0.194605E-142
-25.996318   0.214003E-140  -0.124994E-142   0.108479E-143   0.189043E-140
-25.813688   0.135783E-138  -0.793104E-141   0.684081E-142   0.119187E-138
-25.638614   0.649831E-137  -0.379576E-139   0.325498E-140   0.566997E-137
-25.468034   0.260691E-135  -0.152279E-137   0.129852E-138   0.226148E-135
-25.299873   0.941777E-134  -0.550143E-136   0.466537E-137   0.812353E-134
-25.132741   0.321605E-132  -0.187873E-134   0.158449E-135   0.275841E-132
-24.965614   0.107642E-130  -0.628837E-133   0.527426E-134   0.918002E-131
-24.797467   0.365822E-129  -0.213718E-131   0.178249E-132   0.310184E-129
-24.626916   0.132115E-127  -0.771866E-130   0.640059E-131   0.111357E-127
-24.451891   0.541277E-126  -0.316245E-128   0.260660E-129   0.453388E-126
-24.269340   0.276306E-124  -0.161441E-126   0.132204E-127   0.229896E-124
-24.074955   0.200188E-122  -0.116972E-124   0.951048E-126   0.165336E-122
-23.863230   0.243186E-120  -0.142104E-122   0.114600E-123   0.199162E-120
-23.629601   0.574968E-118  -0.336000E-120   0.268418E-121   0.466302E-118
-23.378596   0.242980E-115  -0.142004E-117   0.112237E-118   0.194894E-115
-23.130317   0.109702E-112  -0.641175E-115   0.501215E-116   0.869929E-113
-22.902323   0.323347E-110  -0.189001E-112   0.146204E-113   0.253642E-110
-22.696340   0.567954E-108  -0.332003E-110   0.254338E-111   0.441050E-108
-22.507207   0.659301E-106  -0.385428E-108   0.292586E-109   0.507166E-106
-22.329469   0.571950E-104  -0.334386E-106   0.251636E-107   0.436009E-104
-22.158669   0.410480E-102  -0.240000E-104   0.179080E-105   0.310169E-102
-21.991149   0.264530E-100  -0.154676E-102   0.114447E-103   0.198144E-100
-21.823643   0.164309E-098  -0.960817E-101   0.704910E-102   0.121992E-098
-21.652886   0.105323E-096  -0.615935E-099   0.447969E-100   0.774926E-097
-21.475222   0.750178E-095  -0.438744E-097   0.316211E-098   0.546753E-095
-21.286201   0.647324E-093  -0.378622E-095   0.270252E-096   0.467056E-093
-21.080378   0.746547E-091  -0.436700E-093   0.308445E-094   0.532769E-091
-20.852592   0.123602E-088  -0.723101E-091   0.504854E-092   0.871482E-089
-20.604469   0.264563E-086  -0.154794E-088   0.106736E-089   0.184123E-086
-20.353360   0.473059E-084  -0.276817E-086   0.188533E-087   0.325000E-084
-20.119524   0.463659E-082  -0.271347E-084   0.182753E-085   0.314834E-082
-19.907635   0.239840E-080  -0.140375E-082   0.936188E-084   0.161187E-080
-19.713133   0.762053E-079  -0.446062E-081   0.294886E-082   0.507451E-079
-19.530503   0.173455E-077  -0.101539E-079   0.665871E-081   0.114529E-077
-19.355428   0.317359E-076  -0.185796E-078   0.120915E-079   0.207875E-076
-19.184849   0.505751E-075  -0.296112E-077   0.191293E-078   0.328715E-075
-19.016687   0.741161E-074  -0.433978E-076   0.278329E-077   0.478057E-074
-18.849556   0.103598E-072  -0.606657E-075   0.386272E-076   0.663148E-073
-18.682429   0.141919E-071  -0.831128E-074   0.525356E-075   0.901496E-072
-18.514282   0.195606E-070  -0.114564E-072   0.718813E-074   0.123285E-070
-18.343731   0.280524E-069  -0.164314E-071   0.102311E-072   0.175386E-069
-18.168706   0.439176E-068  -0.257269E-070   0.158911E-071   0.272261E-068
-17.986155   0.803777E-067  -0.470902E-069   0.288373E-070   0.493770E-067
-17.791769   0.189034E-065  -0.110761E-067   0.671848E-069   0.114960E-065
-17.580045   0.644151E-064  -0.377483E-066   0.226493E-067   0.387246E-064
-17.346416   0.353327E-062  -0.207090E-064   0.122695E-065   0.209580E-062
-17.095411   0.291514E-060  -0.170894E-062   0.998103E-064   0.170303E-060
-16.847132   0.247635E-058  -0.145202E-060   0.835548E-062   0.142400E-058
-16.619138   0.151582E-056  -0.888991E-059   0.504364E-060   0.858583E-057
-16.413155   0.628235E-055  -0.368518E-057   0.206338E-058   0.350863E-055
-16.224022   0.190622E-053  -0.111839E-055   0.618481E-057   0.105057E-053
-16.046283   0.463669E-052  -0.272089E-054   0.148690E-055   0.252305E-052
-15.875484   0.973852E-051  -0.571581E-053   0.308748E-054   0.523351E-051
-15.707964   0.187394E-049  -0.110008E-051   0.587398E-053   0.994624E-050
-15.540458   0.347489E-048  -0.204032E-050   0.107679E-051   0.182129E-048
-15.369701   0.651498E-047  -0.382614E-049   0.199516E-050   0.337070E-047
-15.192036   0.129986E-045  -0.763562E-048   0.393186E-049   0.663433E-046
-15.003016   0.292755E-044  -0.172012E-046   0.873926E-048   0.147258E-044
-14.797192   0.794975E-043  -0.467230E-045   0.233925E-046   0.393561E-043
-14.569406   0.272472E-041  -0.160191E-043   0.789123E-045   0.132531E-041
-14.321283   0.109163E-039  -0.642022E-042   0.310776E-043   0.520917E-040
-14.070175   0.378112E-038  -0.222462E-040   0.105823E-041   0.177018E-038
-13.836339   0.852349E-037  -0.501655E-039   0.234876E-040   0.392147E-037
-13.624449   0.122667E-035  -0.722194E-038   0.333430E-039   0.555727E-036
-13.429947   0.125560E-034  -0.739444E-037   0.337135E-038   0.561004E-035
-13.247318   0.101732E-033  -0.599289E-036   0.270089E-037   0.448758E-034
-13.072243   0.706306E-033  -0.416187E-035   0.185521E-036   0.307794E-033
-12.901663   0.443860E-032  -0.261612E-034   0.115382E-035   0.191150E-032
-12.733502   0.261927E-031  -0.154422E-033   0.673950E-035   0.111487E-031
-12.566371   0.148745E-030  -0.877189E-033   0.378833E-034   0.625738E-031
-12.399244   0.827633E-030  -0.488218E-032   0.208621E-033   0.344057E-030
-12.231096   0.458981E-029  -0.270833E-031   0.114483E-032   0.188500E-029
-12.060546   0.259222E-028  -0.153009E-030   0.639576E-032   0.105128E-028
-11.885520   0.153704E-027  -0.907566E-030   0.374912E-031   0.615117E-028
-11.702969   0.998781E-027  -0.589970E-029   0.240633E-030   0.394002E-027
-11.508584   0.754119E-026  -0.445645E-028   0.179216E-029   0.292756E-026
-11.296859   0.711593E-025  -0.420731E-027   0.166478E-028   0.271201E-025
-11.063230   0.891664E-024  -0.527528E-026   0.204822E-027   0.332554E-024
-10.812226   0.141056E-022  -0.835138E-025   0.317335E-026   0.513197E-023
-10.563947   0.221114E-021  -0.131020E-023   0.486761E-025   0.783794E-022
-10.335953   0.275731E-020  -0.163517E-022   0.594486E-024   0.953100E-021
-10.129970   0.264697E-019  -0.157100E-021   0.559689E-023   0.893502E-020
 -9.940836   0.206190E-018  -0.122473E-020   0.428029E-022   0.680457E-019
 -9.763098   0.138148E-017  -0.821230E-020   0.281742E-021   0.446020E-018
 -9.592298   0.834076E-017  -0.496227E-019   0.167170E-020   0.263509E-017
 -9.424779   0.470522E-016  -0.280171E-018   0.926796E-020   0.145442E-016
 -9.257273   0.255544E-015  -0.152300E-017   0.494541E-019   0.772437E-016
 -9.086515   0.137323E-014  -0.819215E-017   0.260950E-018   0.405528E-015
 -8.908851   0.750842E-014  -0.448400E-016   0.139966E-017   0.216310E-014
 -8.719830   0.430799E-013  -0.257581E-015   0.786665E-017   0.120819E-013
 -8.514007   0.267987E-012  -0.160455E-014   0.478401E-016   0.729492E-013
 -8.286221   0.184224E-011  -0.110483E-013   0.320687E-015   0.484901E-012
 -8.038098   0.133296E-010  -0.800912E-013   0.225749E-014   0.338046E-011
 -7.786990   0.861572E-010  -0.518726E-012   0.141945E-013   0.210363E-010
 -7.553154   0.431072E-009  -0.260047E-011   0.692445E-013   0.101592E-009
 -7.341264   0.167042E-008  -0.100956E-010   0.262344E-012   0.381287E-009
 -7.146762   0.534289E-008  -0.323480E-010   0.822189E-012   0.118435E-008
 -6.964132   0.149681E-007  -0.907774E-010   0.226013E-011   0.322772E-008
 -6.789058   0.383270E-007  -0.232838E-009   0.568339E-011   0.804738E-008
 -6.618478   0.923111E-007  -0.561760E-009   0.134481E-010   0.188775E-007
 -6.450317   0.213084E-006  -0.129903E-008   0.304995E-010   0.424325E-007
 -6.283185   0.477144E-006  -0.291426E-008   0.670893E-010   0.924731E-007
 -6.116058   0.104525E-005  -0.639667E-008   0.144319E-009   0.196980E-006
 -5.947911   0.225700E-005  -0.138414E-007   0.305828E-009   0.413083E-006
 -5.777360   0.484690E-005  -0.297922E-007   0.643959E-009   0.860030E-006
 -5.602335   0.104763E-004  -0.645565E-007   0.136287E-008   0.179765E-005
 -5.419784   0.231571E-004  -0.143107E-006   0.294362E-008   0.382840E-005
 -5.225399   0.534180E-004  -0.331229E-006   0.661393E-008   0.846133E-005
 -5.013674   0.131511E-003  -0.818813E-006   0.157846E-007   0.197938E-004
 -4.780045   0.349768E-003  -0.218896E-005   0.404200E-007   0.494401E-004
 -4.529040   0.970232E-003  -0.611053E-005   0.107098E-006   0.127079E-003
 -4.280761   0.253924E-002  -0.161063E-004   0.266100E-006   0.305233E-003
 -4.052767   0.581789E-002  -0.371720E-004   0.576812E-006   0.639408E-003
 -3.846784   0.116643E-001  -0.750565E-004   0.109033E-005   0.116971E-002
 -3.657651   0.210142E-001  -0.136139E-003   0.184159E-005   0.191645E-002
 -3.479913   0.348507E-001  -0.227213E-003   0.283692E-005   0.287394E-002
 -3.309113   0.541218E-001  -0.354847E-003   0.403223E-005   0.400060E-002
 -3.141594   0.796032E-001  -0.524239E-003   0.530053E-005   0.520902E-002
 -2.974088   0.111713E+000  -0.737422E-003   0.638691E-005   0.636034E-002
 -2.803330   0.150290E+000  -0.990584E-003   0.684700E-005   0.726968E-002
 -2.625666   0.194369E+000  -0.127006E-002   0.596584E-005   0.773442E-002
 -2.436645   0.242071E+000  -0.154637E-002   0.266448E-005   0.760928E-002
 -2.230822   0.290939E+000  -0.176621E-002  -0.453242E-005   0.697245E-002
 -2.003036   0.339661E+000  -0.184844E-002  -0.171129E-004   0.641836E-002
 -1.754913   0.392043E+000  -0.171518E-002  -0.348054E-004   0.718865E-002
 -1.503804   0.457590E+000  -0.139034E-002  -0.530597E-004   0.100681E-001
 -1.269969   0.540282E+000  -0.101112E-002  -0.659445E-004   0.139465E-001
 -1.058079   0.633708E+000  -0.681500E-003  -0.712691E-004   0.170835E-001
 -0.863577   0.728539E+000  -0.430164E-003  -0.696586E-004   0.184987E-001
 -0.680947   0.816891E+000  -0.251194E-003  -0.624045E-004   0.179093E-001
 -0.505872   0.892618E+000  -0.130424E-003  -0.507277E-004   0.154029E-001
 -0.335293   0.950782E+000  -0.544511E-004  -0.357197E-004   0.112704E-001
 -0.167131   0.987459E+000  -0.130815E-004  -0.184410E-004   0.595009E-002
  0.000000   0.100000E+001   0.502599E-016  -0.765593E-010  -0.484485E-006
  0.167127   0.987455E+000  -0.130638E-004   0.184404E-004  -0.595091E-002
  0.335274   0.950778E+000  -0.544139E-004   0.357178E-004  -0.112708E-001
  0.505825   0.892624E+000  -0.130358E-003   0.507237E-004  -0.154027E-001
  0.680850   0.816921E+000  -0.251071E-003   0.623985E-004  -0.179089E-001
  0.863401   0.728612E+000  -0.429921E-003   0.696530E-004  -0.184993E-001
  1.057787   0.633838E+000  -0.681026E-003   0.712701E-004  -0.170871E-001
  1.269511   0.540464E+000  -0.101030E-002   0.659627E-004  -0.139545E-001
  1.503140   0.457791E+000  -0.138924E-002   0.531044E-004  -0.100783E-001
  1.754145   0.392215E+000  -0.171436E-002   0.348637E-004  -0.719407E-002
  2.002424   0.339790E+000  -0.184833E-002   0.171542E-004  -0.641767E-002
  2.230418   0.291034E+000  -0.176646E-002   0.455120E-005  -0.697066E-002
  2.436401   0.242134E+000  -0.154662E-002  -0.265867E-005  -0.760856E-002
  2.625534   0.194402E+000  -0.127018E-002  -0.596512E-005  -0.773450E-002
  2.803273   0.150301E+000  -0.990580E-003  -0.684751E-005  -0.726990E-002
  2.974072   0.111713E+000  -0.737359E-003  -0.638734E-005  -0.636043E-002
  3.141592   0.796011E-001  -0.524172E-003  -0.530076E-005  -0.520902E-002
  3.309098   0.541223E-001  -0.354810E-003  -0.403248E-005  -0.400071E-002
  3.479855   0.348554E-001  -0.227216E-003  -0.283740E-005  -0.287431E-002
  3.657520   0.210225E-001  -0.136175E-003  -0.184232E-005  -0.191713E-002
  3.846540   0.116742E-001  -0.751094E-004  -0.109122E-005  -0.117059E-002
  4.052364   0.582686E-002  -0.372238E-004  -0.577665E-006  -0.640299E-003
  4.280150   0.254549E-002  -0.161434E-004  -0.266730E-006  -0.305922E-003
  4.528273   0.973290E-003  -0.612874E-005  -0.107425E-006  -0.127452E-003
  4.779381   0.350767E-003  -0.219479E-005  -0.405329E-007  -0.495739E-004
  5.013217   0.131777E-003  -0.820296E-006  -0.158162E-007  -0.198323E-004
  5.225106   0.534856E-004  -0.331573E-006  -0.662241E-008  -0.847189E-005
  5.419609   0.231738E-004  -0.143177E-006  -0.294586E-008  -0.383122E-005
  5.602238   0.104801E-004  -0.645639E-007  -0.136344E-008  -0.179837E-005
  5.777313   0.484760E-005  -0.297888E-007  -0.644089E-009  -0.860197E-006
  5.947892   0.225705E-005  -0.138380E-007  -0.305853E-009  -0.413114E-006
  6.116054   0.104520E-005  -0.639466E-008  -0.144322E-009  -0.196984E-006
  6.283185   0.477116E-006  -0.291327E-008  -0.670899E-010  -0.924735E-007
  6.450312   0.213074E-006  -0.129860E-008  -0.305003E-010  -0.424334E-007
  6.618459   0.923130E-007  -0.561606E-009  -0.134493E-010  -0.188791E-007
  6.789010   0.383335E-007  -0.232807E-009  -0.568473E-011  -0.804924E-008
  6.964035   0.149749E-007  -0.907906E-010  -0.226130E-011  -0.322938E-008
  7.146587   0.534805E-008  -0.323689E-010  -0.823030E-012  -0.118555E-008
  7.340972   0.167347E-008  -0.101107E-010  -0.262834E-012  -0.381993E-009
  7.552697   0.432437E-009  -0.260783E-011  -0.694655E-013  -0.101914E-009
  7.786326   0.865828E-010  -0.521109E-012  -0.142647E-013  -0.211397E-010
  8.037330   0.134111E-010  -0.805521E-013  -0.227128E-014  -0.340100E-011
  8.285609   0.185219E-011  -0.111038E-013  -0.322422E-015  -0.487511E-012
  8.513603   0.269012E-012  -0.161006E-014  -0.480250E-016  -0.732299E-013
  8.719586   0.431820E-013  -0.258088E-015  -0.788578E-017  -0.121112E-013
  8.908719   0.751787E-014  -0.448779E-016  -0.140153E-017  -0.216598E-014
  9.086458   0.137391E-014  -0.819272E-017  -0.261102E-018  -0.405763E-015
  9.257257   0.255555E-015  -0.152241E-017  -0.494610E-019  -0.772544E-016
  9.424777   0.470472E-016  -0.280017E-018  -0.926789E-020  -0.145440E-016
  9.592283   0.834114E-017  -0.496025E-019  -0.167194E-020  -0.263547E-017
  9.763041   0.138223E-017  -0.821292E-020  -0.281922E-021  -0.446302E-018
  9.940705   0.206487E-018  -0.122592E-020  -0.428685E-022  -0.681497E-019
 10.129725   0.265452E-019  -0.157472E-021  -0.561332E-023  -0.896118E-020
 10.335549   0.277071E-020  -0.164231E-022  -0.597417E-024  -0.957789E-021
 10.563335   0.222724E-021  -0.131907E-023  -0.490330E-025  -0.789530E-022
 10.811458   0.142295E-022  -0.842038E-025  -0.320139E-026  -0.517723E-023
 11.062566   0.898403E-024  -0.531232E-026  -0.206382E-027  -0.335084E-024
 11.296402   0.715241E-025  -0.422657E-027  -0.167345E-028  -0.272612E-025
 11.508292   0.756460E-026  -0.446780E-028  -0.179790E-029  -0.293693E-026
 11.702794   0.100050E-026  -0.590652E-029  -0.241074E-030  -0.394723E-027
 11.885423   0.153834E-027  -0.907813E-030  -0.375274E-031  -0.615710E-028
 12.060498   0.259307E-028  -0.152970E-030  -0.639864E-032  -0.105176E-028
 12.231078   0.458999E-029  -0.270685E-031  -0.114502E-032  -0.188532E-029
 12.399239   0.827556E-030  -0.487882E-032  -0.208629E-033  -0.344070E-030
 12.566371   0.148726E-030  -0.876548E-033  -0.378834E-034  -0.625740E-031
 12.733498   0.261901E-031  -0.154313E-033  -0.673975E-035  -0.111491E-031
 12.901645   0.443879E-032  -0.261462E-034  -0.115403E-035  -0.191184E-032
 13.072196   0.706554E-033  -0.416072E-035  -0.185611E-036  -0.307943E-033
 13.247221   0.101827E-033  -0.599469E-036  -0.270377E-037  -0.449235E-034
 13.429772   0.125804E-034  -0.740412E-037  -0.337836E-038  -0.562168E-035
 13.624157   0.123111E-035  -0.724341E-038  -0.334679E-039  -0.557807E-036
 13.835882   0.857627E-037  -0.504429E-039  -0.236356E-040  -0.394617E-037
 14.069511   0.381703E-038  -0.224424E-040  -0.106838E-041  -0.178716E-038
 14.320516   0.110423E-039  -0.648989E-042  -0.314392E-043  -0.526974E-040
 14.568795   0.275197E-041  -0.161681E-043  -0.797099E-045  -0.133870E-041
 14.796789   0.800517E-043  -0.470154E-045  -0.235584E-046  -0.396351E-043
 15.002771   0.294001E-044  -0.172620E-046  -0.877766E-048  -0.147905E-044
 15.191905   0.130276E-045  -0.764706E-048  -0.394121E-049  -0.665011E-046
 15.369643   0.652062E-047  -0.382661E-049  -0.199720E-050  -0.337414E-047
 15.540443   0.347516E-048  -0.203894E-050  -0.107705E-051  -0.182172E-048
 15.707962   0.187359E-049  -0.109904E-051  -0.587387E-053  -0.994604E-050
 15.875468   0.973929E-051  -0.571186E-053  -0.308823E-054  -0.523479E-051
 16.046226   0.464091E-052  -0.272124E-054  -0.148850E-055  -0.252576E-052
 16.223890   0.191081E-053  -0.112020E-055  -0.620071E-057  -0.105327E-053
 16.412911   0.631204E-055  -0.369963E-057  -0.207345E-058  -0.352576E-055
 16.618734   0.152791E-056  -0.895359E-059  -0.508464E-060  -0.865559E-057
 16.846520   0.250566E-058  -0.146800E-060  -0.845554E-062  -0.144105E-058
 17.094643   0.295638E-060  -0.173167E-062  -0.101236E-063  -0.172735E-060
 17.345751   0.357584E-062  -0.209407E-064  -0.124191E-065  -0.212135E-062
 17.579587   0.649368E-064  -0.380213E-066  -0.228364E-067  -0.390444E-064
 17.791477   0.189954E-065  -0.111204E-067  -0.675235E-069  -0.115539E-065
 17.985979   0.805932E-067  -0.471750E-069  -0.289199E-070  -0.495184E-067
 18.168609   0.439752E-068  -0.257378E-070  -0.159149E-071  -0.272669E-068
 18.343683   0.280665E-069  -0.164250E-071  -0.102382E-072  -0.175508E-069
 18.514263   0.195619E-070  -0.114468E-072  -0.718997E-074  -0.123317E-070
 18.682425   0.141899E-071  -0.830254E-074  -0.525384E-075  -0.901543E-072
 18.849556   0.103578E-072  -0.605982E-075  -0.386272E-076  -0.663149E-073
 19.016683   0.741053E-074  -0.433514E-076  -0.278344E-077  -0.478082E-074
 19.184830   0.505783E-075  -0.295855E-077  -0.191343E-078  -0.328802E-075
 19.355381   0.317527E-076  -0.185719E-078  -0.121003E-079  -0.208026E-076
 19.530406   0.173697E-077  -0.101585E-079  -0.666934E-081  -0.114712E-077
 19.712957   0.764268E-079  -0.446932E-081  -0.295802E-082  -0.509027E-079
 19.907342   0.241131E-080  -0.140995E-082  -0.941407E-084  -0.162086E-080
 20.119067   0.467903E-082  -0.273564E-084  -0.184460E-085  -0.317775E-082
 20.352696   0.479667E-084  -0.280407E-086  -0.191200E-087  -0.329598E-084
 20.603701   0.269028E-086  -0.157250E-088  -0.108556E-089  -0.187262E-086
 20.851980   0.125398E-088  -0.732868E-091  -0.512284E-092  -0.884307E-089
 21.079974   0.754061E-091  -0.440644E-093  -0.311610E-094  -0.538236E-091
 21.285957   0.651280E-093  -0.380542E-095  -0.271960E-096  -0.470007E-093
 21.475090   0.752569E-095  -0.439683E-097  -0.317288E-098  -0.548614E-095
 21.652829   0.105452E-096  -0.616044E-099  -0.448620E-100  -0.776051E-097
 21.823628   0.164327E-098  -0.959900E-101  -0.705147E-102  -0.122033E-098
 21.991148   0.264461E-100  -0.154470E-102  -0.114443E-103  -0.198138E-100
 22.158654   0.410525E-102  -0.239767E-104  -0.179142E-105  -0.310275E-102
 22.329411   0.572679E-104  -0.334446E-106  -0.252015E-107  -0.436665E-104
 22.507075   0.661519E-106  -0.386299E-108  -0.293637E-109  -0.508989E-106
 22.696096   0.571690E-108  -0.333816E-110  -0.256069E-111  -0.444051E-108
 22.901920   0.326925E-110  -0.190879E-112  -0.147855E-113  -0.256506E-110
 23.129706   0.111496E-112  -0.650924E-115  -0.509523E-116  -0.884347E-113
 23.377829   0.247713E-115  -0.144603E-117  -0.114447E-118  -0.198732E-115
 23.628937   0.584461E-118  -0.341152E-120  -0.272910E-121  -0.474105E-118
 23.862773   0.245873E-120  -0.143506E-122  -0.115893E-123  -0.201409E-120
 24.074662   0.201513E-122  -0.117607E-124  -0.957574E-126  -0.166470E-122
 24.269164   0.277310E-124  -0.161835E-126  -0.132718E-127  -0.230789E-124
 24.451794   0.542236E-126  -0.316426E-128  -0.261188E-129  -0.454307E-126
 24.626869   0.132205E-127  -0.771457E-130  -0.640657E-131  -0.111461E-127
 24.797448   0.365852E-129  -0.213477E-131  -0.178311E-132  -0.310290E-129
 24.965610   0.107621E-130  -0.627949E-133  -0.527463E-134  -0.918066E-131
 25.132741   0.321520E-132  -0.187593E-134  -0.158449E-135  -0.275842E-132
 25.299868   0.941593E-134  -0.549357E-136  -0.466570E-137  -0.812409E-134
 25.468015   0.260713E-135  -0.152103E-137  -0.129897E-138  -0.226228E-135
 25.638566   0.650287E-137  -0.379368E-139  -0.325813E-140  -0.567546E-137
 25.813591   0.136035E-138  -0.793579E-141  -0.685534E-142  -0.119440E-138
 25.996143   0.214829E-140  -0.125318E-142  -0.108927E-143  -0.189823E-140
 26.190528   0.220340E-142  -0.128526E-144  -0.112470E-145  -0.196044E-142
 26.402253   0.120179E-144  -0.700980E-147  -0.618059E-148  -0.107760E-144
 26.635882   0.286637E-147  -0.167180E-149  -0.148678E-150  -0.259297E-147
 26.886886   0.315067E-150  -0.183750E-152  -0.164980E-153  -0.287819E-150
 27.135165   0.277593E-153  -0.161884E-155  -0.146759E-156  -0.256110E-153
 27.363159   0.348393E-156  -0.203161E-158  -0.185845E-159  -0.324411E-156
 27.569142   0.713671E-159  -0.416146E-161  -0.383810E-162  -0.670151E-159
 27.758275   0.216695E-161  -0.126350E-163  -0.117416E-164  -0.205062E-161
 27.936014   0.856028E-164  -0.499109E-166  -0.467128E-167  -0.815990E-164
 28.106813   0.392607E-166  -0.228901E-168  -0.215700E-169  -0.376866E-166
 28.274333   0.189799E-168  -0.110654E-170  -0.104969E-171  -0.183435E-168
