 nmodes=            2  nfields=            2  max_plot=          289
 ky=   4.8083965160982838E-002   width=    1.000000000000000     
 theta     ((Re(field_i), Im(field_i),i=(1,nfields)),j=1,nmodes)
Tearing metric:  [   0.749519E-003   0.199715E+001   0.269930E-002   0.777011E-003 ]
DEP: [   0.220921E-003   0.185178E-002   0.000000E+000   0.000000E+000]
chi_th: [   0.597060E+001  -0.147918E+003   0.000000E+000   0.000000E+000]
chi_i: [  -0.448499E+002  -0.471863E+003   0.000000E+000   0.000000E+000]
chi_i_cond: [  -0.187388E+002  -0.272008E+003   0.000000E+000   0.000000E+000]
chi_e: [   0.593106E+002   0.251492E+003   0.000000E+000   0.000000E+000]
chi_e_cond: [   0.257740E+002  -0.484657E+002   0.000000E+000   0.000000E+000]
i_QL_cond_flux: [  -0.150183E-004  -0.218002E-003   0.000000E+000   0.000000E+000]
e_QL_cond_flux: [   0.257740E-004  -0.484657E-004   0.000000E+000   0.000000E+000]
QL_ratio: [   0.486836E+003   0.624281E+002             NaN             NaN]
EP QL convective fraction: [   0.494253E+000   0.222568E+001             NaN             NaN]
<theta^2>: [   0.121382E+001   0.477955E+001   0.515026E+001   0.331063E+001]
 Mode kept T/F for each mode:    T  F  F  F
 Theta      Re(phi)        Im(phi)        Re(B_per)        Im(B_per)
-28.274332   0.120781E-168  -0.768211E-170  -0.159104E-170   0.578555E-169
-28.109756   0.196861E-166  -0.125225E-167  -0.257597E-168   0.936868E-167
-27.941813   0.356255E-164  -0.226644E-165  -0.462957E-166   0.168405E-164
-27.766566   0.835037E-162  -0.531305E-163  -0.107718E-163   0.391912E-162
-27.578819   0.306780E-159  -0.195221E-160  -0.392550E-161   0.142853E-159
-27.371198   0.225973E-156  -0.143823E-157  -0.286503E-158   0.104288E-156
-27.134239   0.432184E-153  -0.275122E-154  -0.542092E-155   0.197382E-153
-26.866091   0.186290E-149  -0.118616E-150  -0.230836E-151   0.840790E-150
-26.596937   0.496273E-146  -0.316063E-147  -0.607755E-148   0.221442E-146
-26.359687   0.271074E-143  -0.172672E-144  -0.328796E-145   0.119835E-143
-26.153282   0.373734E-141  -0.238102E-142  -0.449868E-143   0.163999E-141
-25.967156   0.213011E-139  -0.135725E-140  -0.254780E-141   0.928978E-140
-25.793057   0.723816E-138  -0.461247E-139  -0.860904E-140   0.313957E-138
-25.625439   0.186758E-136  -0.119023E-137  -0.220972E-138   0.805978E-137
-25.460691   0.426505E-135  -0.271845E-136  -0.502079E-137   0.183159E-135
-25.296727   0.937881E-134  -0.597849E-135  -0.109848E-135   0.400792E-134
-25.132741   0.204309E-132  -0.130250E-133  -0.238074E-134   0.868782E-133
-24.968754   0.438352E-131  -0.279486E-132  -0.508178E-133   0.185476E-131
-24.804793   0.920941E-130  -0.587243E-131  -0.106215E-131   0.387731E-130
-24.640069   0.194724E-128  -0.124181E-129  -0.223412E-130   0.815689E-129
-24.472517   0.448797E-127  -0.286244E-128  -0.512130E-129   0.187016E-127
-24.298550   0.129932E-125  -0.828820E-127  -0.147398E-127   0.538362E-126
-24.112646   0.587423E-124  -0.374766E-125  -0.661899E-126   0.241811E-124
-23.906594   0.570518E-122  -0.364048E-123  -0.637582E-124   0.232994E-122
-23.669866   0.179296E-119  -0.114437E-120  -0.198271E-121   0.724819E-120
-23.401117   0.206062E-116  -0.131561E-117  -0.224875E-118   0.822469E-117
-23.132559   0.309901E-113  -0.197925E-114  -0.333454E-115   0.122023E-113
-22.895102   0.197042E-110  -0.125885E-111  -0.209322E-112   0.766355E-111
-22.687137   0.491630E-108  -0.314178E-109  -0.516445E-110   0.189160E-108
-22.499161   0.624384E-106  -0.399119E-107  -0.649340E-108   0.237930E-106
-22.323770   0.508011E-104  -0.324809E-105  -0.523420E-106   0.191863E-104
-22.155748   0.313845E-102  -0.200712E-103  -0.320504E-104   0.117526E-102
-21.991147   0.167756E-100  -0.107310E-101  -0.169827E-102   0.622965E-101
-21.826571   0.866781E-099  -0.554593E-100  -0.869784E-101   0.319177E-099
-21.658628   0.481834E-097  -0.308371E-098  -0.479107E-099   0.175883E-097
-21.483380   0.324272E-095  -0.207589E-096  -0.319307E-097   0.117269E-095
-21.295633   0.305471E-093  -0.195614E-094  -0.297577E-095   0.109341E-093
-21.088013   0.485127E-091  -0.310772E-092  -0.466827E-093   0.171626E-091
-20.851054   0.157494E-088  -0.100935E-089  -0.149390E-090   0.549592E-089
-20.582905   0.931191E-086  -0.597081E-087  -0.868929E-088   0.319924E-086
-20.313752   0.373042E-083  -0.239316E-084  -0.342615E-085   0.126244E-083
-20.076501   0.441195E-081  -0.283158E-082  -0.399966E-083   0.147474E-081
-19.870097   0.182098E-079  -0.116911E-080  -0.163375E-081   0.602715E-080
-19.683970   0.383080E-078  -0.246017E-079  -0.340723E-080   0.125756E-078
-19.509872   0.542993E-077  -0.348806E-078  -0.479262E-079   0.176961E-077
-19.342254   0.623017E-076  -0.400311E-077  -0.545965E-078   0.201669E-076
-19.177506   0.649657E-075  -0.417530E-076  -0.565345E-077   0.208908E-075
-19.013541   0.655951E-074  -0.421680E-075  -0.566846E-076   0.209544E-074
-18.849556   0.655097E-073  -0.421238E-074  -0.562127E-075   0.207882E-073
-18.685569   0.644313E-072  -0.414411E-073  -0.548956E-074   0.203094E-072
-18.521607   0.621399E-071  -0.399779E-072  -0.525660E-073   0.194556E-071
-18.356884   0.599753E-070  -0.385957E-071  -0.503680E-072   0.186500E-070
-18.189332   0.614540E-069  -0.395585E-070  -0.512209E-071   0.189744E-069
-18.015364   0.742099E-068  -0.477847E-069  -0.613461E-070   0.227365E-068
-17.829461   0.123869E-066  -0.797897E-068  -0.101432E-068   0.376153E-067
-17.623409   0.360474E-065  -0.232305E-066  -0.291784E-067   0.108284E-065
-17.386681   0.245662E-063  -0.158410E-064  -0.195912E-065   0.727740E-064
-17.117932   0.424281E-061  -0.273803E-062  -0.332057E-063   0.123500E-061
-16.849374   0.868472E-059  -0.560939E-060  -0.666107E-061   0.248083E-059
-16.611917   0.928287E-057  -0.600061E-058  -0.698979E-059   0.260664E-057
-16.403951   0.495100E-055  -0.320277E-056  -0.366790E-057   0.136945E-055
-16.215976   0.160037E-053  -0.103598E-054  -0.116837E-055   0.436702E-054
-16.040585   0.371373E-052  -0.240559E-053  -0.267452E-054   0.100070E-052
-15.872563   0.700367E-051  -0.453956E-052  -0.497823E-053   0.186458E-051
-15.707962   0.117957E-049  -0.765048E-051  -0.827675E-052   0.310324E-050
-15.543386   0.192021E-048  -0.124624E-049  -0.132982E-050   0.499133E-049
-15.375443   0.325762E-047  -0.211574E-048  -0.222542E-049   0.836240E-048
-15.200195   0.625040E-046  -0.406261E-047  -0.420771E-048   0.158312E-046
-15.012448   0.149778E-044  -0.974382E-046  -0.992015E-047   0.373774E-045
-14.804828   0.508105E-043  -0.330890E-044  -0.330291E-045   0.124660E-043
-14.567869   0.276886E-041  -0.180543E-042  -0.176051E-043   0.665841E-042
-14.299720   0.221626E-039  -0.144730E-040  -0.137376E-041   0.520864E-040
-14.030566   0.131767E-037  -0.861807E-039  -0.796636E-040   0.302816E-038
-13.793316   0.333701E-036  -0.218540E-037  -0.197621E-038   0.752840E-037
-13.586912   0.408592E-035  -0.267876E-036  -0.237978E-037   0.908233E-036
-13.400785   0.314818E-034  -0.206590E-035  -0.180814E-036   0.691149E-035
-13.226686   0.184852E-033  -0.121406E-034  -0.104854E-035   0.401370E-034
-13.059069   0.936956E-033  -0.615866E-034  -0.525289E-035   0.201349E-033
-12.894321   0.443213E-032  -0.291561E-033  -0.245646E-034   0.942871E-033
-12.730356   0.204123E-031  -0.134389E-032  -0.111835E-033   0.429859E-032
-12.566371   0.928279E-031  -0.611674E-032  -0.502662E-033   0.193487E-031
-12.402384   0.415643E-030  -0.274120E-031  -0.222413E-032   0.857401E-031
-12.238422   0.182722E-029  -0.120615E-030  -0.966078E-032   0.372995E-030
-12.073698   0.799186E-029  -0.528035E-030  -0.417387E-031   0.161408E-029
-11.906147   0.361269E-028  -0.238933E-029  -0.186266E-030   0.721542E-029
-11.732179   0.180424E-027  -0.119460E-028  -0.917220E-030   0.355987E-028
-11.546276   0.110086E-026  -0.729840E-028  -0.550570E-029   0.214170E-027
-11.340224   0.948059E-026  -0.629574E-027  -0.464668E-028   0.181277E-026
-11.103496   0.137823E-024  -0.917269E-026  -0.657967E-027   0.257689E-025
-10.834747   0.350103E-023  -0.233695E-024  -0.161587E-025   0.636162E-024
-10.566188   0.952238E-022  -0.637767E-023  -0.423511E-024   0.167746E-022
-10.328732   0.167247E-020  -0.112382E-021  -0.718578E-023   0.286310E-021
-10.120766   0.186748E-019  -0.125868E-020  -0.777813E-022   0.311649E-020
 -9.932791   0.150687E-018  -0.101857E-019  -0.609953E-021   0.245704E-019
 -9.757399   0.978964E-018  -0.663595E-019  -0.385688E-020   0.156186E-018
 -9.589378   0.553346E-017  -0.376147E-018  -0.212320E-019   0.864400E-018
 -9.424776   0.288242E-016  -0.196508E-017  -0.107701E-018   0.440918E-017
 -9.260200   0.145002E-015  -0.991591E-017  -0.527136E-018   0.217092E-016
 -9.092257   0.735323E-015  -0.504537E-016  -0.259632E-017   0.107629E-015
 -8.917010   0.393112E-014  -0.270752E-015  -0.134430E-016   0.561454E-015
 -8.729263   0.233413E-013  -0.161471E-014  -0.769646E-016   0.324314E-014
 -8.521642   0.163923E-012  -0.114010E-013  -0.517709E-015   0.220571E-013
 -8.284683   0.144257E-011  -0.101018E-012  -0.432138E-014   0.186766E-012
 -8.016535   0.149178E-010  -0.105357E-011  -0.419315E-013   0.184590E-011
 -7.747381   0.125419E-009  -0.893873E-011  -0.330066E-012   0.148295E-010
 -7.510131   0.652129E-009  -0.468592E-010  -0.162037E-011   0.741956E-010
 -7.303726   0.228681E-008  -0.165478E-009  -0.541350E-011   0.252088E-009
 -7.117600   0.625893E-008  -0.455744E-009  -0.142018E-010   0.671572E-009
 -6.943501   0.148031E-007  -0.108418E-008  -0.322993E-010   0.155004E-008
 -6.775883   0.322625E-007  -0.237647E-008  -0.677630E-010   0.330053E-008
 -6.611135   0.673756E-007  -0.499198E-008  -0.136142E-009   0.673507E-008
 -6.447171   0.137627E-006  -0.102598E-007  -0.267089E-009   0.134367E-007
 -6.283185   0.276804E-006  -0.207695E-007  -0.514758E-009   0.263748E-007
 -6.119198   0.547372E-006  -0.413544E-007  -0.973053E-009   0.508641E-007
 -5.955237   0.106281E-005  -0.808821E-007  -0.180133E-008   0.962453E-007
 -5.790513   0.203799E-005  -0.156305E-006  -0.328197E-008   0.179669E-006
 -5.622962   0.392190E-005  -0.303372E-006  -0.596870E-008   0.335980E-006
 -5.448994   0.778077E-005  -0.607820E-006  -0.110873E-007   0.645497E-006
 -5.263090   0.165354E-004  -0.130742E-005  -0.217033E-007   0.132036E-005
 -5.057038   0.395991E-004  -0.318155E-005  -0.464702E-007   0.301151E-005
 -4.820310   0.112740E-003  -0.926682E-005  -0.111825E-006   0.802238E-005
 -4.551561   0.374483E-003  -0.318098E-004  -0.283627E-006   0.243279E-004
 -4.283003   0.117651E-002  -0.104156E-003  -0.585833E-006   0.685419E-004
 -4.045546   0.294566E-002  -0.272590E-003  -0.747176E-006   0.153362E-003
 -3.837581   0.599768E-002  -0.580668E-003  -0.194484E-006   0.279014E-003
 -3.649605   0.105432E-001  -0.106922E-002   0.180182E-005   0.436900E-003
 -3.474214   0.167108E-001  -0.177905E-002   0.604102E-005   0.612139E-003
 -3.306192   0.245451E-001  -0.275216E-002   0.133078E-004   0.784220E-003
 -3.141591   0.339817E-001  -0.403096E-002   0.242085E-004   0.927218E-003
 -2.977015   0.448036E-001  -0.565386E-002   0.388036E-004   0.101109E-002
 -2.809072   0.565904E-001  -0.764366E-002   0.557811E-004   0.100709E-002
 -2.633824   0.687243E-001  -0.997963E-002   0.706049E-004   0.904782E-003
 -2.446077   0.807139E-001  -0.125333E-001   0.714159E-004   0.759795E-003
 -2.238457   0.938059E-001  -0.149283E-001   0.306382E-004   0.815041E-003
 -2.001498   0.116762E+000  -0.163005E-001  -0.105935E-003   0.173247E-002
 -1.733349   0.176356E+000  -0.153753E-001  -0.391275E-003   0.449607E-002
 -1.464196   0.295411E+000  -0.122307E-001  -0.735437E-003   0.854174E-002
 -1.226945   0.444002E+000  -0.878869E-002  -0.963933E-003   0.116145E-001
 -1.020541   0.585702E+000  -0.603357E-002  -0.104343E-002   0.129199E-001
 -0.834414   0.707641E+000  -0.398699E-002  -0.101144E-002   0.127617E-001
 -0.660316   0.808471E+000  -0.248037E-002  -0.901651E-003   0.115277E-001
 -0.492698   0.889093E+000  -0.138004E-002  -0.733716E-003   0.946907E-002
 -0.327950   0.949255E+000  -0.613271E-003  -0.519351E-003   0.674588E-002
 -0.163985   0.987036E+000  -0.153829E-003  -0.269622E-003   0.351566E-002
  0.000000   0.100000E+001   0.149767E-015   0.576338E-007  -0.529055E-006
  0.163987   0.987027E+000  -0.154153E-003   0.269736E-003  -0.351673E-002
  0.327948   0.949238E+000  -0.613900E-003   0.519453E-003  -0.674684E-002
  0.492672   0.889079E+000  -0.138083E-002   0.733777E-003  -0.946956E-002
  0.660224   0.808487E+000  -0.248086E-002   0.901641E-003  -0.115274E-001
  0.834191   0.707745E+000  -0.398615E-002   0.101139E-002  -0.127611E-001
  1.020095   0.585981E+000  -0.602935E-002   0.104347E-002  -0.129211E-001
  1.226147   0.444544E+000  -0.877793E-002   0.964474E-003  -0.116226E-001
  1.462875   0.296161E+000  -0.122121E-001   0.737042E-003  -0.856234E-002
  1.731624   0.176918E+000  -0.153610E-001   0.393451E-003  -0.451972E-002
  2.000182   0.116949E+000  -0.163027E-001   0.107051E-003  -0.174163E-002
  2.237639   0.938622E-001  -0.149362E-001  -0.303454E-004  -0.816208E-003
  2.445605   0.807402E-001  -0.125393E-001  -0.713854E-004  -0.759473E-003
  2.633580   0.687371E-001  -0.998254E-002  -0.706165E-004  -0.904612E-003
  2.808971   0.565937E-001  -0.764439E-002  -0.557841E-004  -0.100712E-002
  2.976993   0.448014E-001  -0.565358E-002  -0.387973E-004  -0.101117E-002
  3.141594   0.339782E-001  -0.403051E-002  -0.242004E-004  -0.927279E-003
  3.306170   0.245437E-001  -0.275201E-002  -0.133026E-004  -0.784293E-003
  3.474113   0.167133E-001  -0.177936E-002  -0.603979E-005  -0.612287E-003
  3.649361   0.105496E-001  -0.106994E-002  -0.180296E-005  -0.437170E-003
  3.837108   0.600670E-002  -0.581607E-003   0.193397E-006  -0.279402E-003
  4.044728   0.295481E-002  -0.273485E-003   0.747801E-006  -0.153799E-003
  4.281687   0.118313E-002  -0.104768E-003   0.587941E-006  -0.688985E-004
  4.549836   0.377365E-003  -0.320625E-004   0.285370E-006  -0.245041E-004
  4.818990   0.113425E-003  -0.932457E-005   0.112436E-006  -0.806947E-005
  5.056240   0.397370E-004  -0.319287E-005   0.466311E-007  -0.302203E-005
  5.262644   0.165635E-004  -0.130969E-005   0.217457E-007  -0.132278E-005
  5.448771   0.778596E-005  -0.608236E-006   0.110988E-007  -0.646056E-006
  5.622869   0.392236E-005  -0.303411E-006   0.597191E-008  -0.336097E-006
  5.790487   0.203771E-005  -0.156284E-006   0.328295E-008  -0.179689E-006
  5.955235   0.106257E-005  -0.808646E-007   0.180172E-008  -0.962482E-007
  6.119200   0.547246E-006  -0.413452E-007   0.973251E-009  -0.508655E-007
  6.283185   0.276741E-006  -0.207649E-007   0.514862E-009  -0.263757E-007
  6.447172   0.137594E-006  -0.102574E-007   0.267139E-009  -0.134370E-007
  6.611134   0.673590E-007  -0.499081E-008   0.136167E-009  -0.673524E-008
  6.775857   0.322574E-007  -0.237612E-008   0.677807E-010  -0.330091E-008
  6.943409   0.148053E-007  -0.108436E-008   0.323171E-010  -0.155068E-008
  7.117377   0.626435E-008  -0.456148E-009   0.142194E-010  -0.672325E-009
  7.303280   0.229218E-008  -0.165872E-009   0.542794E-011  -0.252736E-009
  7.509332   0.655526E-009  -0.471053E-010   0.162917E-011  -0.745944E-010
  7.746060   0.126686E-009  -0.902959E-011   0.333427E-012  -0.149805E-010
  8.014809   0.151366E-010  -0.106910E-011   0.425462E-013  -0.187299E-011
  8.283368   0.146059E-011  -0.102287E-012   0.437584E-014  -0.189118E-012
  8.520824   0.165236E-012  -0.114929E-013   0.521986E-015  -0.222383E-013
  8.728790   0.234461E-013  -0.162202E-014   0.773366E-016  -0.325859E-014
  8.916765   0.393948E-014  -0.271335E-015   0.134769E-016  -0.562829E-015
  9.092157   0.735801E-015  -0.504879E-016   0.259914E-017  -0.107737E-015
  9.260178   0.144978E-015  -0.991452E-017   0.527288E-018  -0.217136E-016
  9.424779   0.288117E-016  -0.196428E-017   0.107704E-018  -0.440894E-017
  9.589356   0.553250E-017  -0.376093E-018   0.212381E-019  -0.864583E-018
  9.757299   0.979658E-018  -0.664085E-019   0.386138E-020  -0.156357E-018
  9.932546   0.151053E-018  -0.102108E-019   0.611702E-021  -0.246392E-019
 10.120293   0.187755E-019  -0.126552E-020   0.782327E-022  -0.313439E-020
 10.327914   0.168953E-020  -0.113533E-021   0.726169E-023  -0.289321E-021
 10.564873   0.968457E-022  -0.648664E-023   0.430853E-024  -0.170648E-022
 10.833021   0.357663E-023  -0.238755E-024   0.165121E-025  -0.650058E-024
 11.102175   0.140029E-024  -0.931998E-026   0.668735E-027  -0.261896E-025
 11.339425   0.956369E-026  -0.635122E-027   0.468947E-028  -0.182937E-026
 11.545829   0.110543E-026  -0.732901E-028   0.553126E-029  -0.215153E-027
 11.731956   0.180713E-027  -0.119655E-028   0.919164E-030  -0.356720E-028
 11.906055   0.361373E-028  -0.239012E-029   0.186419E-030  -0.722095E-029
 12.073673   0.798945E-029  -0.527898E-030   0.417489E-031  -0.161438E-029
 12.238421   0.182633E-029  -0.120561E-030   0.966136E-032  -0.372996E-030
 12.402385   0.415436E-030  -0.273996E-031   0.222426E-032  -0.857400E-031
 12.566371   0.927829E-031  -0.611404E-032   0.502699E-033  -0.193490E-031
 12.730357   0.204019E-031  -0.134327E-032   0.111841E-033  -0.429859E-032
 12.894319   0.442987E-032  -0.291425E-033   0.245660E-034  -0.942872E-033
 13.059043   0.936656E-033  -0.615697E-034   0.525420E-035  -0.201388E-033
 13.226594   0.184910E-033  -0.121450E-034   0.104947E-035  -0.401703E-034
 13.400562   0.315379E-034  -0.206967E-035   0.181238E-036  -0.692734E-035
 13.586466   0.410531E-035  -0.269160E-036   0.239239E-037  -0.912999E-036
 13.792518   0.337155E-036  -0.220813E-037   0.199770E-038  -0.760995E-037
 14.029246   0.134364E-037  -0.878841E-039   0.812721E-040  -0.308919E-038
 14.297995   0.227835E-039  -0.148793E-040   0.141287E-041  -0.535674E-040
 14.566553   0.283343E-041  -0.184764E-042   0.180244E-043  -0.681676E-042
 14.804009   0.515549E-043  -0.335757E-044   0.335314E-045  -0.126550E-043
 15.011975   0.150988E-044  -0.982307E-046   0.100062E-046  -0.377001E-045
 15.199951   0.627401E-046  -0.407819E-047   0.422625E-048  -0.159002E-046
 15.375342   0.326135E-047  -0.211828E-048   0.222940E-049  -0.837701E-048
 15.543364   0.191966E-048  -0.124596E-049   0.133032E-050  -0.499298E-049
 15.707965   0.117869E-049  -0.764522E-051   0.827611E-052  -0.310287E-050
 15.872541   0.700163E-051  -0.453850E-052   0.498013E-053  -0.186521E-051
 16.040484   0.371819E-052  -0.240862E-053   0.267953E-054  -0.100254E-052
 16.215732   0.160688E-053  -0.104026E-054   0.117391E-055  -0.438755E-054
 16.403479   0.499534E-055  -0.323166E-056   0.370317E-057  -0.138257E-055
 16.611099   0.943869E-057  -0.610173E-058   0.711163E-059  -0.265198E-057
 16.848058   0.892581E-059  -0.576549E-060   0.685013E-061  -0.255116E-059
 17.116207   0.439050E-061  -0.283353E-062   0.343820E-063  -0.127871E-061
 17.385360   0.251921E-063  -0.162457E-064   0.201032E-065  -0.746736E-064
 17.622610   0.365450E-065  -0.235528E-066   0.296018E-067  -0.109851E-065
 17.829015   0.124672E-066  -0.803131E-068   0.102165E-068  -0.378856E-067
 18.015141   0.743945E-068  -0.479068E-069   0.615446E-070  -0.228092E-068
 18.189240   0.614817E-069  -0.395791E-070   0.512829E-071  -0.189967E-069
 18.356858   0.599477E-070  -0.385806E-071   0.503834E-072  -0.186551E-070
 18.521606   0.620935E-071  -0.399508E-072   0.525673E-073  -0.194554E-071
 18.685570   0.643826E-072  -0.414127E-073   0.548967E-074  -0.203091E-072
 18.849556   0.654616E-073  -0.420959E-074   0.562153E-075  -0.207885E-073
 19.013543   0.655449E-074  -0.421388E-075   0.566857E-076  -0.209541E-074
 19.177504   0.649158E-075  -0.417240E-076   0.565358E-077  -0.208905E-075
 19.342228   0.622719E-076  -0.400148E-077   0.546137E-078  -0.201725E-076
 19.509780   0.543252E-077  -0.348998E-078   0.479872E-079  -0.177180E-077
 19.683747   0.384101E-078  -0.246691E-079   0.341903E-080  -0.126187E-078
 19.869651   0.183387E-079  -0.117747E-080   0.164661E-081  -0.607439E-080
 20.075703   0.447978E-081  -0.287533E-082   0.406430E-083  -0.149852E-081
 20.312431   0.383918E-083  -0.246313E-084   0.352868E-085  -0.130018E-083
 20.581180   0.969570E-086  -0.621740E-087   0.905402E-088  -0.333343E-086
 20.849738   0.162852E-088  -0.104376E-089   0.154589E-090  -0.568705E-089
 21.087195   0.495409E-091  -0.317385E-092   0.477106E-093  -0.175400E-091
 21.295160   0.309016E-093  -0.197900E-094   0.301283E-095  -0.110700E-093
 21.483136   0.326023E-095  -0.208728E-096   0.321309E-097  -0.118001E-095
 21.658527   0.482619E-097  -0.308899E-098   0.480310E-099  -0.176319E-097
 21.826549   0.866435E-099  -0.554418E-100   0.870211E-101  -0.319324E-099
 21.991150   0.167581E-100  -0.107206E-101   0.169802E-102  -0.622853E-101
 22.155726   0.313718E-102  -0.200648E-103   0.320664E-104  -0.117581E-102
 22.323669   0.508867E-104  -0.325385E-105   0.524778E-106  -0.192355E-104
 22.498917   0.627938E-106  -0.401425E-107   0.653627E-108  -0.239495E-106
 22.686664   0.497766E-108  -0.318128E-109   0.523362E-110  -0.191688E-108
 22.894284   0.201638E-110  -0.128833E-111   0.214395E-112  -0.784907E-111
 23.131243   0.321822E-113  -0.205558E-114   0.346583E-115  -0.126824E-113
 23.399392   0.215961E-116  -0.137894E-117   0.235883E-118  -0.862708E-117
 23.668545   0.185558E-119  -0.118445E-120   0.205382E-121  -0.750796E-120
 23.905796   0.581254E-122  -0.370934E-123   0.650193E-124  -0.237596E-122
 24.112200   0.592598E-124  -0.378103E-125   0.668378E-126  -0.244172E-124
 24.298327   0.130370E-125  -0.831690E-127   0.148040E-127  -0.540693E-126
 24.472425   0.449071E-127  -0.286446E-128   0.512953E-129  -0.187311E-127
 24.640043   0.194603E-128  -0.124116E-129   0.223497E-130  -0.815981E-129
 24.804791   0.920017E-130  -0.586710E-131   0.106216E-131  -0.387722E-130
 24.968756   0.437907E-131  -0.279230E-132   0.508178E-133  -0.185471E-131
 25.132741   0.204108E-132  -0.130135E-133   0.238083E-134  -0.868789E-133
 25.296728   0.936921E-134  -0.597296E-135   0.109848E-135  -0.400781E-134
 25.460690   0.426068E-135  -0.271594E-136   0.502081E-137  -0.183155E-135
 25.625413   0.186639E-136  -0.118959E-137   0.221058E-138  -0.806274E-137
 25.792965   0.724276E-138  -0.461586E-139   0.862342E-140  -0.314474E-138
 25.966933   0.213766E-139  -0.136219E-140   0.255947E-141  -0.933212E-140
 26.152836   0.377244E-141  -0.240363E-142   0.454562E-143  -0.165706E-141
 26.358888   0.276600E-143  -0.176211E-144   0.335842E-145  -0.122400E-143
 26.595616   0.515440E-146  -0.328305E-147   0.631863E-148  -0.230221E-146
 26.864365   0.196441E-149  -0.125093E-150   0.243657E-151  -0.887470E-150
 27.132923   0.451526E-153  -0.287466E-154   0.566933E-155  -0.206422E-153
 27.370380   0.232242E-156  -0.147829E-157   0.294762E-158  -0.107292E-156
 27.578346   0.311420E-159  -0.198196E-160   0.398921E-161  -0.145168E-159
 27.766321   0.840896E-162  -0.535091E-163   0.108594E-163  -0.395089E-162
 27.941713   0.357007E-164  -0.227147E-165   0.464454E-166  -0.168946E-164
 28.109734   0.196760E-166  -0.125174E-167   0.257755E-168  -0.937422E-167
 28.274335   0.120618E-168  -0.767259E-170   0.159070E-170  -0.578418E-169
