 nmodes=            2  nfields=            2  max_plot=          289
 ky=   2.1771085641895498E-002   width=    1.000000000000000     
 theta     ((Re(field_i), Im(field_i),i=(1,nfields)),j=1,nmodes)
Tearing metric:  [   0.199743E+001   0.261180E-003   0.199794E+001   0.199727E+001 ]
DEP: [   0.108548E-003   0.106038E-005   0.000000E+000   0.000000E+000]
chi_th: [   0.489146E+000  -0.993316E-001   0.000000E+000   0.000000E+000]
chi_i: [   0.704368E+001  -0.214376E+000   0.000000E+000   0.000000E+000]
chi_i_cond: [   0.308931E+001  -0.166625E+000   0.000000E+000   0.000000E+000]
chi_e: [   0.946336E+001  -0.308476E-001   0.000000E+000   0.000000E+000]
chi_e_cond: [  -0.130516E+001  -0.528944E-001   0.000000E+000   0.000000E+000]
i_QL_cond_flux: [   0.213186E-005  -0.114983E-006   0.000000E+000   0.000000E+000]
e_QL_cond_flux: [  -0.130516E-005  -0.528944E-007   0.000000E+000   0.000000E+000]
QL_ratio: [   0.317086E+003   0.148514E+003             NaN             NaN]
EP QL convective fraction: [   0.339432E+000   0.131259E+000             NaN             NaN]
<theta^2>: [   0.504757E+001   0.168962E+001   0.955285E+001   0.712150E+001]
 Mode kept T/F for each mode:    F  T  F  F
 Theta      Re(phi)        Im(phi)        Re(B_per)        Im(B_per)
-28.274335   0.167737E-168  -0.444500E-171   0.113317E-171   0.136586E-168
-28.107277   0.338662E-166  -0.897447E-169   0.227233E-169   0.273902E-166
-27.936936   0.726211E-164  -0.192445E-166   0.483873E-167   0.583273E-164
-27.759588   0.183833E-161  -0.487155E-164   0.121595E-164   0.146579E-161
-27.570631   0.622660E-159  -0.165005E-161   0.408649E-162   0.492634E-159
-27.364267   0.326621E-156  -0.865546E-159   0.212536E-159   0.256228E-156
-27.134689   0.297647E-153  -0.788769E-156   0.191858E-156   0.231312E-153
-26.883264   0.407580E-150  -0.108010E-152   0.260045E-153   0.313538E-150
-26.629329   0.430954E-147  -0.114204E-149   0.272204E-150   0.328217E-147
-26.394986   0.187974E-144  -0.498140E-147   0.117672E-147   0.141893E-144
-26.184152   0.330057E-142  -0.874669E-145   0.205022E-145   0.247233E-142
-25.991234   0.296169E-140  -0.784866E-143   0.182717E-143   0.220346E-140
-25.810184   0.170188E-138  -0.451011E-141   0.104342E-141   0.125835E-138
-25.636444   0.738047E-137  -0.195588E-139   0.449841E-140   0.542520E-137
-25.466862   0.270190E-135  -0.716026E-138   0.163748E-138   0.197492E-135
-25.299383   0.898371E-134  -0.238076E-136   0.541420E-137   0.653012E-134
-25.132741   0.284035E-132  -0.752721E-135   0.170227E-135   0.205320E-132
-24.966103   0.880951E-131  -0.233461E-133   0.525018E-134   0.633274E-131
-24.798637   0.276310E-129  -0.732252E-132   0.163737E-132   0.197506E-129
-24.629084   0.915103E-128  -0.242514E-130   0.539116E-131   0.650328E-128
-24.455396   0.342237E-126  -0.906974E-129   0.200392E-129   0.241740E-126
-24.274431   0.159785E-124  -0.423453E-127   0.929460E-128   0.112129E-124
-24.081644   0.107453E-122  -0.284766E-125   0.620494E-126   0.748593E-123
-23.870999   0.125820E-120  -0.333444E-123   0.720478E-124   0.869268E-121
-23.636902   0.309182E-118  -0.819389E-121   0.175303E-121   0.211520E-118
-23.383104   0.150019E-115  -0.397580E-118   0.840986E-119   0.101482E-115
-23.131496   0.804588E-113  -0.213234E-115   0.445746E-116   0.537927E-113
-22.901675   0.268124E-110  -0.710595E-113   0.146892E-113   0.177284E-110
-22.695128   0.502874E-108  -0.133275E-110   0.272680E-111   0.329124E-108
-22.506042   0.599294E-106  -0.158831E-108   0.321863E-109   0.388517E-106
-22.328611   0.520830E-104  -0.138036E-106   0.277182E-107   0.334607E-104
-22.158222   0.369207E-102  -0.978520E-105   0.194755E-105   0.235120E-102
-21.991149   0.233526E-100  -0.618926E-103   0.122106E-103   0.147425E-100
-21.824092   0.142406E-098  -0.377429E-101   0.738043E-102   0.891141E-099
-21.653750   0.902193E-097  -0.239117E-099   0.463337E-100   0.559494E-097
-21.476402   0.643884E-095  -0.170656E-097   0.327536E-098   0.395542E-095
-21.287445   0.569391E-093  -0.150914E-095   0.286694E-096   0.346252E-093
-21.081081   0.696595E-091  -0.184631E-093   0.346832E-094   0.418925E-091
-20.851504   0.128342E-088  -0.340173E-091   0.631099E-092   0.762368E-089
-20.600079   0.317516E-086  -0.841592E-089   0.154037E-089   0.186100E-086
-20.346143   0.633987E-084  -0.168044E-086   0.303489E-087   0.366710E-084
-20.111801   0.636474E-082  -0.168706E-084   0.301072E-085   0.363832E-082
-19.900967   0.317109E-080  -0.840547E-083   0.148460E-083   0.179427E-080
-19.708049   0.943250E-079  -0.250026E-081   0.437579E-082   0.528901E-079
-19.526999   0.199132E-077  -0.527842E-080   0.916084E-081   0.110737E-077
-19.353259   0.338174E-076  -0.896413E-079   0.154349E-079   0.186594E-076
-19.183677   0.503019E-075  -0.133339E-077   0.227838E-078   0.275458E-075
-19.016198   0.692636E-074  -0.183604E-076   0.311364E-077   0.376474E-074
-18.849556   0.913939E-073  -0.242269E-075   0.407762E-076   0.493071E-073
-18.682918   0.118292E-071  -0.313575E-074   0.523778E-075   0.633414E-072
-18.515452   0.153616E-070  -0.407218E-073   0.674951E-074   0.816304E-071
-18.345899   0.206642E-069  -0.547790E-072   0.900737E-073   0.108948E-069
-18.172211   0.302505E-068  -0.801921E-071   0.130762E-071   0.158178E-068
-17.991246   0.518620E-067  -0.137485E-069   0.222173E-070   0.268783E-067
-17.798459   0.115548E-065  -0.306320E-068   0.490063E-069   0.592949E-066
-17.587813   0.383672E-064  -0.101714E-066   0.160853E-067   0.194651E-064
-17.353717   0.216774E-062  -0.574693E-065   0.896485E-066   0.108505E-062
-17.099918   0.198076E-060  -0.525137E-063   0.806360E-064   0.976171E-061
-16.848311   0.190849E-058  -0.505992E-061   0.764254E-062   0.925408E-059
-16.618490   0.127714E-056  -0.338611E-059   0.503486E-060   0.609789E-057
-16.411943   0.554937E-055  -0.147136E-057   0.215628E-058   0.261210E-055
-16.222857   0.171568E-053  -0.454909E-056   0.657679E-057   0.796870E-054
-16.045425   0.417803E-052  -0.110782E-054   0.158097E-055   0.191595E-052
-15.875036   0.869728E-051  -0.230617E-053   0.324972E-054   0.393906E-051
-15.707964   0.165138E-049  -0.437890E-052   0.609322E-053   0.738725E-050
-15.540907   0.302247E-048  -0.801478E-051   0.110110E-051   0.133523E-048
-15.370565   0.562013E-047  -0.149035E-049   0.202069E-050   0.245090E-047
-15.193217   0.112291E-045  -0.297781E-048   0.398182E-049   0.483074E-046
-15.004260   0.257260E-044  -0.682247E-047   0.898741E-048   0.109064E-044
-14.797896   0.727725E-043  -0.192997E-045   0.250087E-046   0.303580E-043
-14.568318   0.268418E-041  -0.711893E-044   0.905639E-045   0.109974E-041
-14.316894   0.118666E-039  -0.314737E-042   0.392420E-043   0.476716E-040
-14.062958   0.442478E-038  -0.117364E-040   0.143432E-041   0.174315E-038
-13.828615   0.101201E-036  -0.268440E-039   0.322212E-040   0.391741E-037
-13.617782   0.141776E-035  -0.376083E-038   0.444381E-039   0.540461E-036
-13.424863   0.138651E-034  -0.367807E-037   0.428566E-038   0.521393E-035
-13.243813   0.106718E-033  -0.283106E-036   0.325656E-037   0.396312E-034
-13.070073   0.704517E-033  -0.186903E-035   0.212385E-036   0.258542E-033
-12.900492   0.422717E-032  -0.112147E-034   0.125933E-035   0.153346E-032
-12.733013   0.239306E-031  -0.634901E-034   0.704600E-035   0.858231E-032
-12.566371   0.130816E-030  -0.347078E-033   0.380656E-034   0.463795E-031
-12.399732   0.701266E-030  -0.186065E-032   0.201638E-033   0.245755E-030
-12.232267   0.374120E-029  -0.992676E-032   0.106268E-032   0.129561E-029
-12.062714   0.202745E-028  -0.537976E-031   0.568665E-032   0.693557E-029
-11.889025   0.115167E-027  -0.305602E-030   0.318744E-031   0.388895E-028
-11.708061   0.718105E-027  -0.190562E-029   0.195897E-030   0.239111E-027
-11.515273   0.524327E-026  -0.139146E-028   0.140736E-029   0.171866E-026
-11.304628   0.487389E-025  -0.129351E-027   0.128381E-028   0.156869E-025
-11.070532   0.623331E-024  -0.165441E-026   0.160541E-027   0.196309E-024
-10.816733   0.105284E-022  -0.279460E-025   0.264152E-026   0.323290E-023
-10.565126   0.178608E-021  -0.474131E-024   0.435865E-025   0.533973E-022
-10.335305   0.235299E-020  -0.624674E-023   0.559075E-024   0.685600E-021
-10.128757   0.232419E-019  -0.617079E-022   0.538582E-023   0.661121E-020
 -9.939672   0.183033E-018  -0.485993E-021   0.414197E-022   0.508933E-019
 -9.762240   0.122664E-017  -0.325724E-020   0.271287E-021   0.333666E-018
 -9.591851   0.736394E-017  -0.195557E-019   0.159213E-020   0.196021E-017
 -9.424779   0.412033E-016  -0.109428E-018   0.870735E-020   0.107319E-016
 -9.257721   0.222020E-015  -0.589683E-018   0.458324E-019   0.565535E-016
 -9.087380   0.118710E-014  -0.315315E-017   0.239124E-018   0.295429E-015
 -8.910032   0.649395E-014  -0.172504E-016   0.127429E-017   0.157656E-014
 -8.721075   0.376026E-013  -0.998950E-016   0.717022E-017   0.888535E-014
 -8.514711   0.239093E-012  -0.635227E-015   0.441482E-016   0.548134E-013
 -8.285133   0.170840E-011  -0.453931E-014   0.304074E-015   0.378411E-012
 -8.033708   0.129996E-010  -0.345433E-013   0.222050E-014   0.277108E-011
 -7.779773   0.870518E-010  -0.231335E-012   0.142571E-013   0.178470E-010
 -7.545430   0.437242E-009  -0.116199E-011   0.688796E-013   0.864869E-010
 -7.334596   0.166596E-008  -0.442743E-011   0.253460E-012   0.319180E-009
 -7.141678   0.519461E-008  -0.138050E-010   0.765605E-012   0.966835E-009
 -6.960628   0.141583E-007  -0.376258E-010   0.202527E-011   0.256473E-008
 -6.786888   0.353142E-007  -0.938442E-010   0.490716E-011   0.623196E-008
 -6.617306   0.830699E-007  -0.220737E-009   0.112149E-010   0.142850E-007
 -6.449827   0.187806E-006  -0.499004E-009   0.246239E-010   0.314639E-007
 -6.283185   0.412749E-006  -0.109656E-008   0.525138E-010   0.673301E-007
 -6.116547   0.888216E-006  -0.235940E-008   0.109532E-009   0.140959E-006
 -5.949081   0.188371E-005  -0.500282E-008   0.224800E-009   0.290489E-006
 -5.779528   0.397076E-005  -0.105432E-007   0.457596E-009   0.594043E-006
 -5.605840   0.842395E-005  -0.223602E-007   0.934516E-009   0.121964E-005
 -5.424876   0.183024E-004  -0.485603E-007   0.194533E-008   0.255502E-005
 -5.232088   0.416639E-004  -0.110477E-006   0.421222E-008   0.557654E-005
 -5.021443   0.102051E-003  -0.270356E-006   0.970405E-008   0.129833E-004
 -4.787346   0.273813E-003  -0.724351E-006   0.240797E-007   0.326972E-004
 -4.533548   0.778091E-003  -0.205361E-005   0.619471E-007   0.859162E-004
 -4.281940   0.208913E-002  -0.549452E-005   0.147862E-006   0.211027E-003
 -4.052119   0.485447E-002  -0.127063E-004   0.302014E-006   0.446855E-003
 -3.845572   0.976747E-002  -0.254056E-004   0.528585E-006   0.817875E-003
 -3.656486   0.175462E-001  -0.452667E-004   0.813388E-006   0.133221E-002
 -3.479055   0.289099E-001  -0.737858E-004   0.112036E-005   0.197868E-002
 -3.308666   0.445142E-001  -0.111990E-003   0.138634E-005   0.272151E-002
 -3.141593   0.648496E-001  -0.159965E-003   0.151675E-005   0.349535E-002
 -2.974536   0.901068E-001  -0.216164E-003   0.138508E-005   0.420399E-002
 -2.804194   0.120022E+000  -0.276405E-003   0.841843E-006   0.472773E-002
 -2.626846   0.153751E+000  -0.332491E-003  -0.256144E-006   0.495001E-002
 -2.437889   0.189912E+000  -0.370448E-003  -0.197192E-005   0.482442E-002
 -2.231525   0.227270E+000  -0.369260E-003  -0.412120E-005   0.452140E-002
 -2.001948   0.267170E+000  -0.304758E-003  -0.596506E-005   0.467430E-002
 -1.750523   0.318066E+000  -0.172499E-003  -0.606618E-005   0.639364E-002
 -1.496587   0.392494E+000  -0.222521E-004  -0.354707E-005   0.100244E-001
 -1.262245   0.490171E+000   0.820184E-004   0.366419E-006   0.140731E-001
 -1.051411   0.598495E+000   0.126024E-003   0.393215E-005   0.169335E-001
 -0.858493   0.705398E+000   0.125826E-003   0.628211E-005   0.179554E-001
 -0.677443   0.802717E+000   0.100593E-003   0.720424E-005   0.170872E-001
 -0.503703   0.884837E+000   0.655566E-004   0.677812E-005   0.145158E-001
 -0.334121   0.947347E+000   0.320903E-004   0.521748E-005   0.105374E-001
 -0.166642   0.986599E+000   0.848123E-005   0.282887E-005   0.553892E-002
  0.000000   0.100000E+001  -0.347016E-016  -0.467332E-010  -0.788342E-006
  0.166638   0.986592E+000   0.848599E-005  -0.282892E-005  -0.554035E-002
  0.334104   0.947336E+000   0.320965E-004  -0.521742E-005  -0.105383E-001
  0.503657   0.884833E+000   0.655578E-004  -0.677800E-005  -0.145161E-001
  0.677345   0.802739E+000   0.100584E-003  -0.720453E-005  -0.170870E-001
  0.858310   0.705472E+000   0.125814E-003  -0.628396E-005  -0.179557E-001
  1.051097   0.598646E+000   0.126049E-003  -0.393739E-005  -0.169366E-001
  1.261742   0.490401E+000   0.821809E-004  -0.376381E-006  -0.140814E-001
  1.495839   0.392756E+000  -0.218387E-004   0.353519E-005  -0.100370E-001
  1.749638   0.318271E+000  -0.171957E-003   0.606114E-005  -0.640294E-002
  2.001245   0.267297E+000  -0.304432E-003   0.596833E-005  -0.467615E-002
  2.231066   0.227352E+000  -0.369169E-003   0.412573E-005  -0.452058E-002
  2.437613   0.189963E+000  -0.370448E-003   0.197449E-005  -0.482391E-002
  2.626699   0.153776E+000  -0.332496E-003   0.256964E-006  -0.495006E-002
  2.804130   0.120030E+000  -0.276391E-003  -0.841856E-006  -0.472794E-002
  2.974520   0.901054E-001  -0.216135E-003  -0.138529E-005  -0.420412E-002
  3.141592   0.648463E-001  -0.159937E-003  -0.151691E-005  -0.349542E-002
  3.308649   0.445134E-001  -0.111972E-003  -0.138647E-005  -0.272164E-002
  3.478991   0.289133E-001  -0.737834E-004  -0.112054E-005  -0.197900E-002
  3.656339   0.175534E-001  -0.452776E-004  -0.813697E-006  -0.133275E-002
  3.845296   0.977638E-002  -0.254242E-004  -0.529009E-006  -0.818578E-003
  4.051660   0.486280E-002  -0.127257E-004  -0.302474E-006  -0.447570E-003
  4.281238   0.209500E-002  -0.550883E-005  -0.148237E-006  -0.211581E-003
  4.532662   0.780914E-003  -0.206061E-005  -0.621551E-007  -0.862117E-004
  4.786598   0.274689E-003  -0.726507E-006  -0.241530E-007  -0.327985E-004
  5.020940   0.102272E-003  -0.270879E-006  -0.972476E-008  -0.130114E-004
  5.231774   0.417172E-004  -0.110592E-006  -0.421782E-008  -0.558403E-005
  5.424693   0.183146E-004  -0.485808E-007  -0.194682E-008  -0.255699E-005
  5.605743   0.842631E-005  -0.223608E-007  -0.934894E-009  -0.122014E-005
  5.779483   0.397097E-005  -0.105410E-007  -0.457684E-009  -0.594158E-006
  5.949064   0.188357E-005  -0.500114E-008  -0.224818E-009  -0.290512E-006
  6.116543   0.888104E-006  -0.235846E-008  -0.109535E-009  -0.140963E-006
  6.283185   0.412691E-006  -0.109610E-008  -0.525147E-010  -0.673313E-007
  6.449823   0.187781E-006  -0.498796E-009  -0.246246E-010  -0.314648E-007
  6.617289   0.830634E-007  -0.220655E-009  -0.112159E-010  -0.142862E-007
  6.786842   0.353164E-007  -0.938219E-010  -0.490825E-011  -0.623336E-008
  6.960530   0.141632E-007  -0.376275E-010  -0.202630E-011  -0.256604E-008
  7.141495   0.519923E-008  -0.138130E-010  -0.766398E-012  -0.967841E-009
  7.334283   0.166901E-008  -0.443412E-011  -0.253957E-012  -0.319808E-009
  7.544928   0.438714E-009  -0.116552E-011  -0.691184E-013  -0.867875E-010
  7.779024   0.875304E-010  -0.232528E-012  -0.143363E-013  -0.179464E-010
  8.032823   0.130908E-010  -0.347734E-013  -0.223618E-014  -0.279068E-011
  8.284430   0.171894E-011  -0.456564E-014  -0.305974E-015  -0.380780E-012
  8.514251   0.240116E-012  -0.637704E-015  -0.443429E-016  -0.550555E-013
  8.720799   0.376993E-013  -0.100113E-015  -0.718989E-017  -0.890975E-014
  8.909884   0.650234E-014  -0.172659E-016  -0.127620E-017  -0.157892E-014
  9.087316   0.118760E-014  -0.315322E-017  -0.239278E-018  -0.295621E-015
  9.257705   0.222003E-015  -0.589392E-018  -0.458394E-019  -0.565623E-016
  9.424777   0.411930E-016  -0.109354E-018  -0.870726E-020  -0.107318E-016
  9.591834   0.736333E-017  -0.195457E-019  -0.159238E-020  -0.196053E-017
  9.762176   0.122721E-017  -0.325732E-020  -0.271478E-021  -0.333902E-018
  9.939524   0.183303E-018  -0.486494E-021  -0.414907E-022  -0.509807E-019
 10.128481   0.233138E-019  -0.618704E-022  -0.540369E-023  -0.663317E-020
 10.334845   0.236578E-020  -0.627777E-023  -0.562230E-024  -0.689474E-021
 10.564423   0.180096E-021  -0.477852E-024  -0.439578E-025  -0.538524E-022
 10.815848   0.106349E-022  -0.282149E-025  -0.266873E-026  -0.326622E-023
 11.069783   0.628603E-024  -0.166756E-026  -0.161933E-027  -0.198011E-024
 11.304126   0.490062E-025  -0.129993E-027  -0.129116E-028  -0.157768E-025
 11.514960   0.525971E-026  -0.139509E-028  -0.141215E-029  -0.172452E-026
 11.707878   0.719247E-027  -0.190763E-029  -0.196264E-030  -0.239561E-027
 11.888928   0.115241E-027  -0.305635E-030  -0.319046E-031  -0.389264E-028
 12.062668   0.202768E-028  -0.537744E-031  -0.568904E-032  -0.693850E-029
 12.232249   0.374059E-029  -0.991968E-032  -0.106284E-032  -0.129581E-029
 12.399729   0.701068E-030  -0.185909E-032  -0.201644E-033  -0.245764E-030
 12.566371   0.130775E-030  -0.346774E-033  -0.380658E-034  -0.463799E-031
 12.733009   0.239236E-031  -0.634355E-034  -0.704624E-035  -0.858263E-032
 12.900475   0.422646E-032  -0.112064E-034  -0.125953E-035  -0.153370E-032
 13.070028   0.704603E-033  -0.186817E-035  -0.212481E-036  -0.258659E-033
 13.243716   0.106794E-033  -0.283141E-036  -0.325995E-037  -0.396726E-034
 13.424680   0.138900E-034  -0.368248E-037  -0.429475E-038  -0.522500E-035
 13.617468   0.142293E-035  -0.377227E-038  -0.446145E-039  -0.542607E-036
 13.828113   0.101869E-036  -0.270046E-039  -0.324438E-040  -0.394449E-037
 14.062209   0.447164E-038  -0.118533E-040  -0.144993E-041  -0.176213E-038
 14.316008   0.120239E-039  -0.318707E-042  -0.397737E-043  -0.483178E-040
 14.567616   0.271487E-041  -0.719566E-044  -0.916275E-045  -0.111266E-041
 14.797437   0.733397E-043  -0.194374E-045  -0.252121E-046  -0.306049E-043
 15.003984   0.258447E-044  -0.684935E-047  -0.903209E-048  -0.109607E-044
 15.193069   0.112547E-045  -0.298260E-048  -0.399242E-049  -0.484361E-046
 15.370501   0.562430E-047  -0.149043E-049  -0.202298E-050  -0.245368E-047
 15.540890   0.302205E-048  -0.800808E-051  -0.110139E-051  -0.133558E-048
 15.707963   0.165066E-049  -0.437392E-052  -0.609304E-053  -0.738704E-050
 15.875020   0.869604E-051  -0.230419E-053  -0.325057E-054  -0.394010E-051
 16.045362   0.418130E-052  -0.110788E-054  -0.158285E-055  -0.191823E-052
 16.222710   0.171992E-053  -0.455698E-056  -0.659571E-057  -0.799163E-054
 16.411667   0.557779E-055  -0.147780E-057  -0.216820E-058  -0.262654E-055
 16.618030   0.128854E-056  -0.341377E-059  -0.508180E-060  -0.615475E-057
 16.847608   0.193434E-058  -0.512454E-061  -0.774903E-062  -0.938305E-059
 17.099033   0.201303E-060  -0.533277E-063  -0.819808E-064  -0.992454E-061
 17.352969   0.219695E-062  -0.581978E-065  -0.908929E-066  -0.110011E-062
 17.587311   0.386993E-064  -0.102513E-066  -0.162314E-067  -0.196420E-064
 17.798145   0.116116E-065  -0.307576E-068  -0.492689E-069  -0.596126E-066
 17.991063   0.519903E-067  -0.137713E-069  -0.222824E-070  -0.269571E-067
 18.172113   0.302808E-068  -0.802066E-071  -0.130954E-071  -0.158410E-068
 18.345853   0.206678E-069  -0.547431E-072  -0.901317E-073  -0.109018E-069
 18.515435   0.153578E-070  -0.406777E-073  -0.675103E-074  -0.816489E-071
 18.682914   0.118241E-071  -0.313176E-074  -0.523802E-075  -0.633444E-072
 18.849556   0.913502E-073  -0.241948E-075  -0.407764E-076  -0.493074E-073
 19.016194   0.692332E-074  -0.183366E-076  -0.311379E-077  -0.376492E-074
 19.183660   0.502890E-075  -0.133190E-077  -0.227891E-078  -0.275522E-075
 19.353213   0.338236E-076  -0.895799E-079  -0.154453E-079  -0.186720E-076
 19.526901   0.199344E-077  -0.527943E-080  -0.917514E-081  -0.110910E-077
 19.707866   0.945774E-079  -0.250475E-081  -0.438966E-082  -0.530579E-079
 19.900653   0.318827E-080  -0.844350E-083  -0.149338E-083  -0.180487E-080
 20.111298   0.642686E-082  -0.170199E-084  -0.304157E-085  -0.367562E-082
 20.345395   0.643869E-084  -0.170508E-086  -0.308366E-087  -0.372604E-084
 20.599193   0.323677E-086  -0.857132E-089  -0.157100E-089  -0.189802E-086
 20.850801   0.130475E-088  -0.345504E-091  -0.641902E-092  -0.775420E-089
 21.080622   0.704436E-091  -0.186533E-093  -0.350915E-094  -0.423858E-091
 21.287169   0.573162E-093  -0.151769E-095  -0.288745E-096  -0.348729E-093
 21.476255   0.645988E-095  -0.171049E-097  -0.328784E-098  -0.397050E-095
 21.653686   0.903146E-097  -0.239137E-099  -0.464082E-100  -0.560394E-097
 21.824075   0.142378E-098  -0.376984E-101  -0.738309E-102  -0.891463E-099
 21.991148   0.233384E-100  -0.617937E-103  -0.122101E-103  -0.147418E-100
 22.158205   0.369132E-102  -0.977346E-105  -0.194826E-105  -0.235206E-102
 22.328547   0.521399E-104  -0.138048E-106  -0.277643E-107  -0.335164E-104
 22.505895   0.601361E-106  -0.159216E-108  -0.323158E-109  -0.390080E-106
 22.694852   0.506460E-108  -0.134088E-110  -0.274781E-111  -0.331660E-108
 22.901216   0.271444E-110  -0.718650E-113  -0.148795E-113  -0.179581E-110
 23.130794   0.819654E-113  -0.217000E-115  -0.454348E-116  -0.548308E-113
 23.382218   0.153383E-115  -0.406067E-118  -0.860330E-119  -0.103816E-115
 23.636154   0.314890E-118  -0.833624E-121  -0.178642E-121  -0.215550E-118
 23.870496   0.127306E-120  -0.337017E-123  -0.729419E-124  -0.880057E-121
 24.081330   0.108170E-122  -0.286354E-125  -0.625016E-126  -0.754050E-123
 24.274248   0.160321E-124  -0.424406E-127  -0.933153E-128  -0.112575E-124
 24.455299   0.342700E-126  -0.907198E-129  -0.200789E-129  -0.242219E-126
 24.629039   0.915317E-128  -0.242301E-130  -0.539583E-131  -0.650893E-128
 24.798620   0.276216E-129  -0.731187E-132  -0.163786E-132  -0.197566E-129
 24.966099   0.880438E-131  -0.233063E-133  -0.525049E-134  -0.633313E-131
 25.132741   0.283853E-132  -0.751388E-135  -0.170228E-135  -0.205321E-132
 25.299379   0.897842E-134  -0.237666E-136  -0.541452E-137  -0.653052E-134
 25.466845   0.270097E-135  -0.714961E-138  -0.163799E-138  -0.197553E-135
 25.636398   0.738225E-137  -0.195410E-139  -0.450244E-140  -0.543007E-137
 25.810086   0.170429E-138  -0.451128E-141  -0.104558E-141  -0.126096E-138
 25.991051   0.297221E-140  -0.786739E-143  -0.183487E-143  -0.221275E-140
 26.183839   0.332426E-142  -0.879915E-145  -0.206629E-145  -0.249172E-142
 26.394484   0.190401E-144  -0.503974E-147  -0.119269E-147  -0.143818E-144
 26.628580   0.439821E-147  -0.116415E-149  -0.277985E-150  -0.335188E-147
 26.882379   0.417991E-150  -0.110635E-152  -0.266861E-153  -0.321756E-150
 27.133986   0.304136E-153  -0.804985E-156  -0.196171E-156  -0.236511E-153
 27.363807   0.331425E-156  -0.877201E-159  -0.215809E-159  -0.260174E-156
 27.570355   0.628031E-159  -0.166222E-161  -0.412459E-162  -0.497229E-159
 27.759440   0.184613E-161  -0.488613E-164  -0.122197E-164  -0.147305E-161
 27.936872   0.727204E-164  -0.192466E-166  -0.484881E-167  -0.584488E-164
 28.107261   0.338575E-166  -0.896083E-169  -0.227338E-169  -0.274030E-166
 28.274333   0.167605E-168  -0.443585E-171  -0.113310E-171  -0.136577E-168
