 nmodes=            2  nfields=            2  max_plot=          289
 ky=   7.2376433318143266E-002   width=    1.000000000000000     
 theta     ((Re(field_i), Im(field_i),i=(1,nfields)),j=1,nmodes)
Tearing metric:  [   0.118231E-003   0.199707E+001   0.131628E-003   0.199820E+001 ]
DEP: [   0.112395E-002  -0.321456E+000   0.000000E+000   0.000000E+000]
chi_th: [  -0.162422E+002  -0.227864E+005   0.000000E+000   0.000000E+000]
chi_i: [  -0.680440E+002  -0.380009E+004   0.000000E+000   0.000000E+000]
chi_i_cond: [  -0.404956E+002  -0.552189E+005   0.000000E+000   0.000000E+000]
chi_e: [   0.148622E+003  -0.112809E+005   0.000000E+000   0.000000E+000]
chi_e_cond: [  -0.222624E+001  -0.404393E+004   0.000000E+000   0.000000E+000]
i_QL_cond_flux: [  -0.234022E-004  -0.319106E-001   0.000000E+000   0.000000E+000]
e_QL_cond_flux: [  -0.222624E-005  -0.404393E-002   0.000000E+000   0.000000E+000]
QL_ratio: [   0.310494E+003   0.406597E+002             NaN             NaN]
EP QL convective fraction: [   0.401789E+000  -0.643554E+000             NaN             NaN]
<theta^2>: [   0.227208E+001   0.403027E+001   0.121050E+002   0.134257E+002]
 Mode kept T/F for each mode:    T  F  F  F
 Theta      Re(phi)        Im(phi)        Re(B_per)        Im(B_per)
-28.274335   0.253582E-168  -0.147037E-170  -0.291184E-169   0.579492E-168
-28.106501   0.571955E-166  -0.331807E-168  -0.652198E-167   0.129803E-165
-27.935570   0.131945E-163  -0.765844E-166  -0.149390E-164   0.297343E-163
-27.758146   0.332553E-161  -0.193127E-163  -0.373771E-162   0.743995E-161
-27.570285   0.989114E-159  -0.574754E-161  -0.110322E-159   0.219613E-158
-27.367516   0.378284E-156  -0.219952E-158  -0.418505E-157   0.833165E-156
-27.146052   0.197705E-153  -0.115034E-155  -0.216829E-154   0.431703E-153
-26.907124   0.131339E-150  -0.764766E-153  -0.142724E-151   0.284187E-150
-26.662428   0.804613E-148  -0.468874E-150  -0.866300E-149   0.172511E-147
-26.427936   0.310161E-145  -0.180876E-147  -0.331030E-146   0.659257E-145
-26.210902   0.658507E-143  -0.384289E-145  -0.697211E-144   0.138863E-142
-26.010175   0.828183E-141  -0.483623E-143  -0.870449E-142   0.173381E-140
-25.822027   0.698081E-139  -0.407902E-141  -0.728716E-140   0.145160E-138
-25.642860   0.440393E-137  -0.257484E-139  -0.456757E-138   0.909924E-137
-25.469749   0.227009E-135  -0.132803E-137  -0.233982E-136   0.466157E-135
-25.300359   0.102515E-133  -0.600068E-136  -0.105021E-134   0.209245E-133
-25.132741   0.429755E-132  -0.251704E-134  -0.437607E-133   0.871954E-132
-24.965129   0.176152E-130  -0.103233E-132  -0.178282E-131   0.355261E-130
-24.795758   0.742603E-129  -0.435467E-131  -0.746928E-130   0.148850E-128
-24.622679   0.339824E-127  -0.199404E-129  -0.339613E-128   0.676842E-127
-24.443561   0.179653E-125  -0.105492E-127  -0.178332E-126   0.355441E-125
-24.255482   0.118344E-123  -0.695438E-126  -0.116627E-124   0.232474E-123
-24.054848   0.106463E-121  -0.626146E-124  -0.104093E-122   0.207510E-121
-23.837934   0.144102E-119  -0.848325E-122  -0.139666E-120   0.278456E-119
-23.603566   0.306580E-117  -0.180678E-119  -0.294262E-118   0.586749E-117
-23.358896   0.890043E-115  -0.525162E-117  -0.845342E-116   0.168581E-114
-23.119854   0.249006E-112  -0.147107E-114  -0.233988E-113   0.466694E-112
-22.898252   0.510851E-110  -0.302171E-112  -0.475119E-111   0.947766E-110
-22.695374   0.733102E-108  -0.434154E-110  -0.675169E-109   0.134700E-107
-22.507434   0.785483E-106  -0.465723E-108  -0.716633E-107   0.142991E-105
-22.329956   0.681335E-104  -0.404444E-106  -0.615947E-105   0.122917E-103
-22.158994   0.512585E-102  -0.304631E-104  -0.459227E-103   0.916544E-102
-21.991150   0.353737E-100  -0.210479E-102  -0.314072E-101   0.626920E-100
-21.823315   0.235026E-098  -0.140016E-100  -0.206782E-099   0.412816E-098
-21.652385   0.157520E-096  -0.939628E-099  -0.137310E-097   0.274161E-096
-21.474960   0.112016E-094  -0.669093E-097  -0.967112E-096   0.193128E-094
-21.287099   0.896175E-093  -0.536079E-095  -0.765988E-094   0.152988E-092
-21.084331   0.860523E-091  -0.515563E-093  -0.727687E-092   0.145364E-090
-20.862866   0.103719E-088  -0.622483E-091  -0.867063E-090   0.173238E-088
-20.623939   0.148155E-086  -0.890847E-089  -0.122355E-087   0.244513E-086
-20.379242   0.196134E-084  -0.118163E-086  -0.159998E-085   0.319808E-084
-20.144750   0.180133E-082  -0.108728E-084  -0.145243E-083   0.290374E-082
-19.927717   0.104052E-080  -0.629174E-083  -0.830059E-082   0.165980E-080
-19.726989   0.400670E-079  -0.242676E-081  -0.316501E-080   0.632994E-079
-19.538841   0.113163E-077  -0.686483E-080  -0.885749E-079   0.177178E-077
-19.359674   0.255165E-076  -0.155028E-078  -0.197992E-077   0.396112E-076
-19.186564   0.491196E-075  -0.298879E-077  -0.377947E-076   0.756259E-075
-19.017174   0.851148E-074  -0.518673E-076  -0.649529E-075   0.129990E-073
-18.849556   0.138696E-072  -0.846461E-075  -0.104977E-073   0.210123E-072
-18.681944   0.220962E-071  -0.135062E-073  -0.165865E-072   0.332053E-071
-18.512572   0.357349E-070  -0.218779E-072  -0.265984E-071   0.532579E-070
-18.339494   0.610453E-069  -0.374370E-071  -0.450404E-070   0.902007E-069
-18.160375   0.115286E-067  -0.708292E-070  -0.842761E-069   0.168810E-067
-17.972296   0.254271E-066  -0.156530E-068  -0.184040E-067   0.368721E-066
-17.771662   0.699654E-065  -0.431662E-067  -0.500928E-066   0.100384E-064
-17.554749   0.257300E-063  -0.159145E-065  -0.182002E-064   0.364824E-063
-17.320381   0.130152E-061  -0.807332E-064  -0.908269E-063   0.182119E-061
-17.075710   0.813732E-060  -0.506377E-062  -0.559602E-061   0.112246E-059
-16.836669   0.487145E-058  -0.304162E-060  -0.330038E-059   0.662237E-058
-16.615067   0.229212E-056  -0.143592E-058  -0.153055E-057   0.307223E-056
-16.412189   0.821164E-055  -0.516109E-057  -0.540781E-056   0.108588E-054
-16.224248   0.235309E-053  -0.148371E-055  -0.152907E-054   0.307142E-053
-16.046770   0.572556E-052  -0.362181E-054  -0.367231E-053   0.737910E-052
-15.875809   0.124406E-050  -0.789521E-053  -0.787679E-052   0.158332E-050
-15.707964   0.251361E-049  -0.160055E-051  -0.157101E-050   0.315905E-049
-15.540130   0.488858E-048  -0.312359E-050  -0.301550E-049   0.606598E-048
-15.369199   0.945668E-047  -0.606433E-049  -0.575528E-048   0.115819E-046
-15.191775   0.188431E-045  -0.121301E-047  -0.113085E-046   0.227668E-045
-15.003914   0.402511E-044  -0.260190E-046  -0.238030E-045   0.479433E-044
-14.801145   0.962612E-043  -0.625080E-045  -0.560352E-044   0.112921E-042
-14.579681   0.265220E-041  -0.173091E-043  -0.151783E-042   0.306043E-041
-14.340754   0.806825E-040  -0.529472E-042  -0.453429E-041   0.914818E-040
-14.096057   0.228529E-038  -0.150837E-040  -0.126083E-039   0.254543E-038
-13.861565   0.495260E-037  -0.328738E-039  -0.268470E-038   0.542349E-037
-13.644532   0.771328E-036  -0.514730E-038  -0.411371E-037   0.831535E-036
-13.443804   0.901673E-035  -0.604764E-037  -0.473707E-036   0.958091E-035
-13.255656   0.846426E-034  -0.570466E-036  -0.438449E-035   0.887273E-034
-13.076489   0.676847E-033  -0.458332E-035  -0.345913E-034   0.700392E-033
-12.903378   0.482852E-032  -0.328496E-034  -0.243560E-033   0.493418E-032
-12.733988   0.318594E-031  -0.217765E-033  -0.158645E-032   0.321566E-031
-12.566371   0.200237E-030  -0.137519E-032  -0.984299E-032   0.199624E-030
-12.398759   0.123005E-029  -0.848947E-032  -0.596792E-031   0.121104E-029
-12.229387   0.756844E-029  -0.525047E-031  -0.362292E-030   0.735631E-029
-12.056308   0.478436E-028  -0.333728E-030  -0.225827E-029   0.458837E-028
-11.877190   0.319744E-027  -0.224356E-029  -0.148690E-028   0.302322E-027
-11.689111   0.233701E-026  -0.165055E-028  -0.106941E-027   0.217607E-026
-11.488477   0.194437E-025  -0.138335E-027  -0.874072E-027   0.178017E-025
-11.271564   0.191741E-024  -0.137573E-026  -0.844939E-026   0.172261E-024
-11.037195   0.227153E-023  -0.164578E-025  -0.978726E-025   0.199777E-023
-10.792525   0.300753E-022  -0.220312E-024  -0.126428E-023   0.258418E-022
-10.553484   0.378514E-021  -0.280530E-023  -0.155118E-022   0.317529E-021
-10.331882   0.401304E-020  -0.300945E-022  -0.160401E-021   0.328838E-020
-10.129004   0.352715E-019  -0.267622E-021  -0.137611E-020   0.282547E-019
 -9.941063   0.265683E-018  -0.203960E-020  -0.101239E-019   0.208187E-018
 -9.763585   0.178223E-017  -0.138449E-019  -0.663462E-019   0.136650E-017
 -9.592624   0.109884E-016  -0.864053E-019  -0.399604E-018   0.824399E-017
 -9.424779   0.638314E-016  -0.508294E-018  -0.226683E-017   0.468466E-016
 -9.256945   0.356564E-015  -0.287717E-017  -0.123575E-016   0.255853E-015
 -9.086014   0.195141E-014  -0.159692E-016  -0.659369E-016   0.136791E-014
 -8.908590   0.106648E-013  -0.886057E-016  -0.350853E-015   0.729461E-014
 -8.720729   0.594312E-013  -0.502017E-015  -0.190004E-014   0.396004E-013
 -8.517960   0.345033E-012  -0.296874E-014  -0.106926E-013   0.223473E-012
 -8.296496   0.211168E-011  -0.185509E-013  -0.632345E-013   0.132583E-011
 -8.057568   0.132534E-010  -0.119164E-012  -0.382292E-012   0.804503E-011
 -7.812872   0.776684E-010  -0.715819E-012  -0.215471E-011   0.455279E-010
 -7.578380   0.384180E-009  -0.362932E-011  -0.102594E-010   0.217680E-009
 -7.361346   0.156259E-008  -0.151176E-010  -0.402484E-010   0.857530E-009
 -7.160619   0.537890E-008  -0.532456E-010  -0.133891E-009   0.286443E-008
 -6.972471   0.162946E-007  -0.164936E-009  -0.392504E-009   0.843183E-008
 -6.793304   0.448876E-007  -0.464477E-009  -0.104713E-008   0.225891E-007
 -6.620193   0.115278E-006  -0.121950E-008  -0.260484E-008   0.564371E-007
 -6.450803   0.281238E-006  -0.304281E-008  -0.615381E-008   0.133937E-006
 -6.283185   0.661447E-006  -0.732443E-008  -0.140042E-007   0.306279E-006
 -6.115573   0.151811E-005  -0.172236E-007  -0.310588E-007   0.682838E-006
 -5.946202   0.343710E-005  -0.400131E-007  -0.678199E-007   0.149964E-005
 -5.773123   0.775674E-005  -0.928431E-007  -0.147216E-006   0.327628E-005
 -5.594005   0.176377E-004  -0.217644E-006  -0.320788E-006   0.719186E-005
 -5.405926   0.408842E-004  -0.522014E-006  -0.708936E-006   0.160318E-004
 -5.205292   0.978084E-004  -0.129862E-005  -0.160550E-005   0.366877E-004
 -4.988378   0.243873E-003  -0.338955E-005  -0.375248E-005   0.868737E-004
 -4.754010   0.631258E-003  -0.926089E-005  -0.899008E-005   0.211616E-003
 -4.509340   0.163365E-002  -0.255062E-004  -0.212406E-004   0.510583E-003
 -4.270299   0.396122E-002  -0.661710E-004  -0.465086E-004   0.114667E-002
 -4.048696   0.864528E-002  -0.154833E-003  -0.909636E-004   0.230956E-002
 -3.845818   0.170008E-001  -0.326709E-003  -0.159137E-003   0.417905E-002
 -3.657878   0.306295E-001  -0.632276E-003  -0.252635E-003   0.689955E-002
 -3.480400   0.513651E-001  -0.114096E-002  -0.368359E-003   0.105387E-001
 -3.309438   0.811055E-001  -0.194332E-002  -0.496429E-003   0.150281E-001
 -3.141594   0.121517E+000  -0.315013E-002  -0.618736E-003   0.200983E-001
 -2.973759   0.173619E+000  -0.488618E-002  -0.709413E-003   0.252296E-001
 -2.802829   0.237287E+000  -0.727566E-002  -0.738838E-003   0.296443E-001
 -2.625404   0.310746E+000  -0.104136E-001  -0.683134E-003   0.323760E-001
 -2.437543   0.390154E+000  -0.143120E-001  -0.541588E-003   0.324603E-001
 -2.234775   0.469506E+000  -0.187963E-001  -0.364327E-003   0.293258E-001
 -2.013310   0.541461E+000  -0.233179E-001  -0.285170E-003   0.234784E-001
 -1.774383   0.600580E+000  -0.267626E-001  -0.512610E-003   0.172531E-001
 -1.529686   0.649033E+000  -0.277836E-001  -0.116937E-002   0.140551E-001
 -1.295194   0.696252E+000  -0.259144E-001  -0.208884E-002   0.151541E-001
 -1.078161   0.749157E+000  -0.218740E-001  -0.293596E-002   0.186417E-001
 -0.877433   0.807490E+000  -0.167570E-001  -0.345083E-002   0.218038E-001
 -0.689285   0.866528E+000  -0.115003E-001  -0.351399E-002   0.227628E-001
 -0.510118   0.920242E+000  -0.679413E-002  -0.311583E-002   0.207193E-001
 -0.337008   0.963029E+000  -0.311994E-002  -0.231965E-002   0.157366E-001
 -0.167618   0.990526E+000  -0.794949E-003  -0.123521E-002   0.848147E-002
  0.000000   0.100000E+001   0.139791E-015  -0.107986E-006  -0.793176E-006
  0.167612   0.990522E+000  -0.793860E-003   0.123496E-002  -0.848277E-002
  0.336984   0.963025E+000  -0.311759E-002   0.231931E-002  -0.157372E-001
  0.510062   0.920246E+000  -0.679020E-002   0.311544E-002  -0.207193E-001
  0.689180   0.866548E+000  -0.114945E-001   0.351372E-002  -0.227634E-001
  0.877259   0.807533E+000  -0.167491E-001   0.345097E-002  -0.218065E-001
  1.077894   0.749222E+000  -0.218649E-001   0.293681E-002  -0.186471E-001
  1.294807   0.696332E+000  -0.259062E-001   0.209046E-002  -0.151592E-001
  1.529175   0.649125E+000  -0.277801E-001   0.117117E-002  -0.140530E-001
  1.773846   0.600691E+000  -0.267651E-001   0.513590E-003  -0.172411E-001
  2.012887   0.541579E+000  -0.233223E-001   0.285217E-003  -0.234653E-001
  2.234489   0.469606E+000  -0.187985E-001   0.364067E-003  -0.293188E-001
  2.437367   0.390217E+000  -0.143112E-001   0.541398E-003  -0.324590E-001
  2.625308   0.310773E+000  -0.104107E-001   0.683066E-003  -0.323771E-001
  2.802786   0.237289E+000  -0.727189E-002   0.738830E-003  -0.296455E-001
  2.973747   0.173609E+000  -0.488254E-002   0.709414E-003  -0.252301E-001
  3.141592   0.121506E+000  -0.314715E-002   0.618733E-003  -0.200984E-001
  3.309426   0.810998E-001  -0.194118E-002   0.496436E-003  -0.150285E-001
  3.480357   0.513661E-001  -0.113959E-002   0.368391E-003  -0.105399E-001
  3.657781   0.306357E-001  -0.631510E-003   0.252696E-003  -0.690145E-002
  3.845642   0.170095E-001  -0.326341E-003   0.159219E-003  -0.418139E-002
  4.048410   0.865358E-002  -0.154689E-003   0.910481E-004  -0.231184E-002
  4.269875   0.396726E-002  -0.661277E-004   0.465766E-004  -0.114842E-002
  4.508802   0.163689E-002  -0.254923E-004   0.212815E-004  -0.511596E-003
  4.753499   0.632492E-003  -0.925185E-005   0.900757E-005  -0.212037E-003
  4.987991   0.244244E-003  -0.338336E-005   0.375841E-005  -0.870137E-004
  5.205024   0.979081E-004  -0.129510E-005   0.160732E-005  -0.367302E-004
  5.405752   0.409086E-004  -0.520193E-006   0.709470E-006  -0.160441E-004
  5.593900   0.176424E-004  -0.216743E-006   0.320935E-006  -0.719523E-005
  5.773067   0.775701E-005  -0.924080E-007   0.147252E-006  -0.327711E-005
  5.946177   0.343668E-005  -0.398073E-007   0.678269E-007  -0.149980E-005
  6.115567   0.151778E-005  -0.171283E-007   0.310595E-007  -0.682856E-006
  6.283185   0.661285E-006  -0.728155E-008   0.140042E-007  -0.306280E-006
  6.450797   0.281174E-006  -0.302415E-008   0.615395E-008  -0.133941E-006
  6.620169   0.115262E-006  -0.121176E-008   0.260515E-008  -0.564440E-007
  6.793247   0.448895E-007  -0.461467E-009   0.104744E-008  -0.225960E-007
  6.972366   0.163002E-007  -0.163862E-009   0.392739E-009  -0.843694E-008
  7.160445   0.538328E-008  -0.529049E-010   0.134033E-009  -0.286750E-008
  7.361079   0.156494E-008  -0.150254E-010   0.403186E-010  -0.859035E-009
  7.577992   0.385117E-009  -0.360900E-011   0.102868E-010  -0.218264E-009
  7.812361   0.779369E-010  -0.712190E-012   0.216264E-011  -0.456960E-010
  8.057031   0.133051E-010  -0.118549E-012   0.383872E-012  -0.807839E-011
  8.296072   0.211877E-011  -0.184351E-013   0.634632E-013  -0.133064E-011
  8.517674   0.345851E-012  -0.294573E-014   0.107211E-013  -0.224071E-012
  8.720552   0.595154E-013  -0.497400E-015   0.190334E-014  -0.396694E-013
  8.908493   0.106716E-013  -0.876807E-016   0.351198E-015  -0.730184E-014
  9.085971   0.195157E-014  -0.157863E-016   0.659661E-016  -0.136852E-014
  9.256932   0.356470E-015  -0.284197E-017   0.123589E-016  -0.255883E-015
  9.424777   0.638068E-016  -0.501792E-018   0.226683E-017  -0.468468E-016
  9.592611   0.109854E-016  -0.852715E-019   0.399652E-018  -0.824499E-017
  9.763542   0.178238E-017  -0.136621E-019   0.663784E-019  -0.136716E-017
  9.940966   0.265878E-018  -0.201304E-020   0.101354E-019  -0.208424E-018
 10.128827   0.353317E-019  -0.264268E-021   0.137901E-020  -0.283143E-019
 10.331596   0.402512E-020  -0.297412E-022   0.160947E-021  -0.329959E-020
 10.553060   0.380217E-021  -0.277501E-023   0.155877E-022  -0.319084E-021
 10.791988   0.302421E-022  -0.218037E-024   0.127179E-023  -0.259954E-022
 11.036684   0.228336E-023  -0.162732E-025   0.984227E-025  -0.200901E-023
 11.271176   0.192487E-024  -0.135779E-026   0.848592E-026  -0.173007E-024
 11.488209   0.194927E-025  -0.136280E-027   0.876677E-027  -0.178548E-025
 11.688937   0.234036E-026  -0.162354E-028   0.107145E-027  -0.218023E-026
 11.877085   0.319948E-027  -0.220421E-029   0.148857E-028  -0.302664E-027
 12.056252   0.478478E-028  -0.327569E-030   0.225960E-029  -0.459108E-028
 12.229363   0.756641E-029  -0.514988E-031   0.362380E-030  -0.735810E-029
 12.398753   0.122948E-029  -0.832226E-032   0.596823E-031  -0.121111E-029
 12.566371   0.200132E-030  -0.134756E-032   0.984298E-032  -0.199625E-030
 12.733983   0.318442E-031  -0.213325E-033   0.158653E-032  -0.321584E-031
 12.903354   0.482716E-032  -0.321749E-034   0.243622E-033  -0.493544E-032
 13.076433   0.676911E-033  -0.448927E-035   0.346133E-034  -0.700838E-033
 13.255551   0.847025E-034  -0.558894E-036   0.438998E-035  -0.888386E-034
 13.443630   0.903149E-035  -0.592810E-037   0.474741E-036  -0.960185E-035
 13.644264   0.773621E-036  -0.505012E-038   0.412820E-037  -0.834466E-036
 13.861178   0.497610E-037  -0.322950E-039   0.269891E-038  -0.545222E-037
 14.095546   0.230039E-038  -0.148378E-040   0.126985E-039  -0.256366E-038
 14.340216   0.812742E-040  -0.520927E-042   0.457007E-041  -0.922040E-040
 14.579257   0.266865E-041  -0.170011E-043   0.152813E-042  -0.308119E-041
 14.800860   0.966770E-043  -0.612480E-045   0.563106E-044  -0.113477E-042
 15.003738   0.403536E-044  -0.254367E-046   0.238782E-045  -0.480949E-044
 15.191678   0.188645E-045  -0.118363E-047   0.113285E-046  -0.228071E-045
 15.369156   0.945803E-047  -0.590886E-049   0.575980E-048  -0.115910E-046
 15.540118   0.488636E-048  -0.304033E-050   0.301610E-049  -0.606719E-048
 15.707962   0.251196E-049  -0.155688E-051   0.157102E-050  -0.315906E-049
 15.875797   0.124348E-050  -0.767792E-053   0.787839E-052  -0.158364E-050
 16.046727   0.572642E-052  -0.352274E-054   0.367534E-053  -0.738520E-052
 16.224152   0.235598E-053  -0.144402E-055   0.153199E-054  -0.307730E-053
 16.412012   0.823486E-055  -0.502870E-057   0.542680E-056  -0.108969E-054
 16.614781   0.230344E-056  -0.140134E-058   0.153916E-057  -0.308953E-056
 16.836246   0.490710E-058  -0.297384E-060   0.332681E-059  -0.667542E-058
 17.075173   0.821002E-060  -0.495615E-062   0.564992E-061  -0.113328E-059
 17.319869   0.131234E-061  -0.789258E-064   0.916466E-063  -0.183764E-061
 17.554362   0.258884E-063  -0.155169E-065   0.183254E-064  -0.367335E-063
 17.771395   0.702427E-065  -0.419767E-067   0.503285E-066  -0.100857E-064
 17.972122   0.254840E-066  -0.151890E-068   0.184591E-067  -0.369825E-066
 18.160270   0.115400E-067  -0.686178E-070   0.844242E-069  -0.169107E-067
 18.339437   0.610537E-069  -0.362240E-071   0.450815E-070  -0.902831E-069
 18.512548   0.357203E-070  -0.211501E-072   0.266083E-071  -0.532778E-070
 18.681938   0.220805E-071  -0.130485E-073   0.165878E-072  -0.332080E-071
 18.849556   0.138585E-072  -0.817434E-075   0.104977E-073  -0.210124E-072
 19.017168   0.850534E-074  -0.500757E-076   0.649582E-075  -0.130000E-073
 19.186540   0.490988E-075  -0.288544E-077   0.378092E-076  -0.756551E-075
 19.359618   0.255202E-076  -0.149700E-078   0.198182E-077  -0.396492E-076
 19.538736   0.113283E-077  -0.663258E-080   0.887415E-079  -0.177511E-077
 19.726815   0.401647E-079  -0.234699E-081   0.317534E-080  -0.635061E-079
 19.927450   0.104511E-080  -0.609434E-083   0.834407E-082  -0.166849E-080
 20.144363   0.181394E-082  -0.105541E-084   0.146381E-083  -0.292650E-082
 20.378731   0.198036E-084  -0.114949E-086   0.161685E-085  -0.323179E-084
 20.623402   0.149741E-086  -0.867009E-089   0.123768E-087  -0.247339E-086
 20.862443   0.104653E-088  -0.604481E-091   0.875618E-090  -0.174948E-088
 21.084045   0.865886E-091  -0.499021E-093   0.732861E-092  -0.146398E-090
 21.286923   0.899450E-093  -0.517299E-095   0.769470E-094  -0.153684E-092
 21.474864   0.112198E-094  -0.644055E-097   0.969561E-096  -0.193617E-094
 21.652341   0.157552E-096  -0.902781E-099   0.137463E-097  -0.274468E-096
 21.823303   0.234875E-098  -0.134354E-100   0.206841E-099  -0.412932E-098
 21.991147   0.353409E-100  -0.201823E-102   0.314073E-101  -0.626923E-100
 22.158982   0.512250E-102  -0.292059E-104   0.459358E-103  -0.916808E-102
 22.329913   0.681479E-104  -0.387922E-106   0.616661E-105  -0.123060E-103
 22.507337   0.786834E-106  -0.447175E-108   0.718550E-107  -0.143374E-105
 22.695198   0.735987E-108  -0.417595E-110   0.678475E-109  -0.135360E-107
 22.897966   0.514350E-110  -0.291350E-112   0.478833E-111  -0.955176E-110
 23.119431   0.251524E-112  -0.142227E-114   0.236582E-113  -0.471869E-112
 23.358358   0.900988E-115  -0.508568E-117   0.856569E-116  -0.170821E-114
 23.603055   0.310075E-117  -0.174721E-119   0.297909E-118  -0.594022E-117
 23.837547   0.145313E-119  -0.817520E-122   0.140981E-120  -0.281077E-119
 24.054580   0.107037E-121  -0.601337E-124   0.104761E-122  -0.208841E-121
 24.255308   0.118703E-123  -0.666046E-126   0.117101E-124  -0.233419E-123
 24.443456   0.179894E-125  -0.100825E-127   0.178757E-126  -0.356288E-125
 24.622623   0.339887E-127  -0.190295E-129   0.340031E-128  -0.677677E-127
 24.795733   0.742193E-129  -0.415127E-131   0.747303E-130  -0.148925E-128
 24.965123   0.175985E-130  -0.983391E-133   0.178301E-131  -0.355300E-130
 25.132741   0.429296E-132  -0.239667E-134   0.437607E-133  -0.871955E-132
 25.300353   0.102416E-133  -0.571245E-136   0.105033E-134  -0.209269E-133
 25.469725   0.226881E-135  -0.126433E-137   0.234103E-136  -0.466398E-135
 25.642803   0.440478E-137  -0.245237E-139   0.457341E-138  -0.911088E-137
 25.821922   0.699065E-139  -0.388836E-141   0.730539E-140  -0.145524E-138
 26.010001   0.830862E-141  -0.461686E-143   0.874222E-142  -0.174132E-140
 26.210635   0.662350E-143  -0.367659E-145   0.702051E-144  -0.139828E-142
 26.427548   0.313029E-145  -0.173558E-147   0.334460E-146  -0.666089E-145
 26.661917   0.814896E-148  -0.451260E-150   0.878343E-149  -0.174909E-147
 26.906587   0.133186E-150  -0.736583E-153   0.144893E-151  -0.288507E-150
 27.145628   0.200036E-153  -0.110489E-155   0.219635E-154  -0.437289E-153
 27.367230   0.381363E-156  -0.210392E-158   0.422395E-157  -0.840910E-156
 27.570108   0.993821E-159  -0.547672E-161   0.110975E-159  -0.220914E-158
 27.758049   0.333257E-161  -0.183461E-163   0.375001E-162  -0.746445E-161
 27.935527   0.131980E-163  -0.725857E-166   0.149607E-164  -0.297775E-163
 28.106488   0.571481E-166  -0.314005E-168   0.652435E-167  -0.129851E-165
 28.274333   0.253278E-168  -0.139039E-170   0.291186E-169  -0.579495E-168
