 nmodes=            4  nfields=            2  max_plot=          289
 ky=   7.4273881982282353E-002   width=    1.882965431070387     
 theta     ((Re(field_i), Im(field_i),i=(1,nfields)),j=1,nmodes)
Tearing metric:  [   0.171951E-003   0.199779E+001   0.255478E-003   0.192406E-003 ]
DEP: [   0.167575E-002   0.216971E-002   0.187701E-001   0.268925E+000]
chi_th: [   0.400890E+002  -0.119908E+003  -0.474794E+005  -0.178971E+005]
chi_i: [  -0.118511E+002  -0.103796E+004  -0.113484E+006  -0.799627E+005]
chi_i_cond: [  -0.179053E+002  -0.592315E+003  -0.150150E+006  -0.406835E+005]
chi_e: [   0.339998E+003   0.156991E+003   0.425194E+005   0.772727E+004]
chi_e_cond: [   0.736729E+002   0.153658E+003   0.119760E+005  -0.470183E+004]
i_QL_cond_flux: [  -0.103688E-004  -0.343003E-003  -0.869502E-001  -0.235593E-001]
e_QL_cond_flux: [   0.736729E-004   0.153658E-003   0.119760E-001  -0.470183E-002]
QL_ratio: [   0.761337E+003   0.219711E+002   0.193817E+000  -0.104323E+003]
EP QL convective fraction: [   0.475344E+000   0.644698E+000   0.249408E+001  -0.245014E+000]
<theta^2>: [   0.754513E+001   0.227129E+002   0.112405E+002   0.127244E+002]
 Mode kept T/F for each mode:    T  F  F  F
 Theta      Re(phi)        Im(phi)        Re(B_per)        Im(B_per)
-28.274335   0.915901E-045  -0.584148E-049  -0.578247E-046   0.629607E-045
-28.107505   0.416099E-044  -0.311987E-048  -0.260803E-045   0.284010E-044
-27.937649   0.190110E-043  -0.164563E-047  -0.118281E-044   0.128825E-043
-27.761450   0.889402E-043  -0.877740E-047  -0.549161E-044   0.598212E-043
-27.575051   0.435085E-042  -0.485413E-046  -0.266513E-043   0.290367E-042
-27.374027   0.227826E-041  -0.285811E-045  -0.138383E-042   0.150796E-041
-27.154376   0.129971E-040  -0.182712E-044  -0.782346E-042   0.852692E-041
-26.916402   0.795059E-040  -0.124757E-043  -0.474014E-041   0.516746E-040
-26.670529   0.479312E-039  -0.832856E-043  -0.283010E-040   0.308591E-039
-26.433132   0.254701E-038  -0.484003E-042  -0.149013E-039   0.162516E-038
-26.213060   0.113911E-037  -0.233676E-041  -0.660869E-039   0.720899E-038
-26.010061   0.436481E-037  -0.956474E-041  -0.251302E-038   0.274179E-037
-25.820594   0.148572E-036  -0.345095E-040  -0.849367E-038   0.926846E-037
-25.640972   0.464383E-036  -0.113700E-039  -0.263715E-037   0.287818E-036
-25.468093   0.136840E-035  -0.351776E-039  -0.772120E-037   0.842823E-036
-25.299409   0.388083E-035  -0.104461E-038  -0.217608E-036   0.237571E-035
-25.132741   0.107740E-034  -0.303095E-038  -0.600378E-036   0.655561E-035
-24.966080   0.297241E-034  -0.872995E-038  -0.164603E-035   0.179761E-034
-24.797418   0.826977E-034  -0.253466E-037  -0.455037E-035   0.497022E-034
-24.624576   0.235712E-033  -0.754137E-037  -0.128841E-034   0.140754E-033
-24.445010   0.701119E-033  -0.234392E-036  -0.380560E-034   0.415824E-033
-24.255622   0.222617E-032  -0.779133E-036  -0.119928E-033   0.131067E-032
-24.052727   0.775529E-032  -0.284975E-035  -0.414352E-033   0.452940E-032
-23.832786   0.304870E-031  -0.118074E-034  -0.161390E-032   0.176465E-031
-23.595512   0.136513E-030  -0.559513E-034  -0.715250E-032   0.782288E-031
-23.349645   0.663810E-030  -0.288554E-033  -0.343952E-031   0.376311E-030
-23.111542   0.316867E-029  -0.145865E-032  -0.162348E-030   0.177680E-029
-22.891749   0.138292E-028  -0.671504E-032  -0.700905E-030   0.767346E-029
-22.690612   0.546760E-028  -0.278906E-031  -0.274265E-029   0.300359E-028
-22.504132   0.199529E-027  -0.106577E-030  -0.990981E-029   0.108560E-027
-22.327877   0.687074E-027  -0.383381E-030  -0.337953E-028   0.370334E-027
-22.157990   0.227456E-026  -0.132370E-029  -0.110815E-027   0.121470E-026
-21.991150   0.735017E-026  -0.445659E-029  -0.354688E-027   0.388914E-026
-21.824320   0.234919E-025  -0.148322E-028  -0.112273E-026   0.123146E-025
-21.654464   0.752079E-025  -0.494437E-028  -0.355907E-026   0.390507E-025
-21.478264   0.244490E-024  -0.167441E-027  -0.114526E-025   0.125704E-024
-21.291865   0.819886E-024  -0.585535E-027  -0.379972E-025   0.417216E-024
-21.090841   0.288609E-023  -0.215293E-026  -0.132241E-024   0.145262E-023
-20.871190   0.108020E-022  -0.843477E-026  -0.488932E-024   0.537316E-023
-20.633216   0.424444E-022  -0.347541E-025  -0.189634E-023   0.208501E-022
-20.387344   0.164223E-021  -0.140948E-024  -0.724085E-023   0.796531E-022
-20.149946   0.575444E-021  -0.515984E-024  -0.250552E-022   0.275756E-021
-19.929875   0.176552E-020  -0.164654E-023  -0.759907E-022   0.836737E-021
-19.726875   0.481136E-020  -0.464832E-023  -0.204916E-021   0.225731E-020
-19.537409   0.119741E-019  -0.119475E-022  -0.505008E-021   0.556532E-020
-19.357787   0.279087E-019  -0.286969E-022  -0.116619E-020   0.128568E-019
-19.184908   0.621440E-019  -0.657523E-022  -0.257365E-020   0.283844E-019
-19.016224   0.134265E-018  -0.146045E-021  -0.551203E-020   0.608145E-019
-18.849556   0.285055E-018  -0.318603E-021  -0.116009E-019   0.128043E-018
-18.682895   0.601353E-018  -0.690585E-021  -0.242590E-019   0.267860E-018
-18.514232   0.127420E-017  -0.150394E-020  -0.509408E-019   0.562704E-018
-18.341391   0.274299E-017  -0.333008E-020  -0.108638E-018   0.120056E-017
-18.161825   0.607938E-017  -0.760121E-020  -0.238398E-018   0.263578E-017
-17.972436   0.140982E-016  -0.181892E-019  -0.546951E-018   0.605033E-017
-17.769541   0.348786E-016  -0.465608E-019  -0.133725E-017   0.148011E-016
-17.549600   0.938722E-016  -0.130123E-018  -0.355166E-017   0.393370E-016
-17.312327   0.276407E-015  -0.399419E-018  -0.103033E-016   0.114203E-015
-17.066460   0.859366E-015  -0.129807E-017  -0.315205E-016   0.349674E-015
-16.828357   0.262281E-014  -0.414104E-017  -0.946337E-016   0.105076E-014
-16.608563   0.747189E-014  -0.123054E-016  -0.265329E-015   0.294866E-014
-16.407427   0.197539E-013  -0.338538E-016  -0.690821E-015   0.768395E-014
-16.220946   0.491468E-013  -0.874810E-016  -0.169349E-014   0.188529E-013
-16.044692   0.116929E-012  -0.215897E-015  -0.397112E-014   0.442470E-013
-15.874805   0.269628E-012  -0.516019E-015  -0.902609E-014   0.100659E-012
-15.707964   0.609133E-012  -0.120797E-014  -0.200982E-013   0.224340E-012
-15.541134   0.136068E-011  -0.279630E-014  -0.442393E-013   0.494274E-012
-15.371279   0.303160E-011  -0.645957E-014  -0.970846E-013   0.108578E-011
-15.195079   0.679909E-011  -0.150352E-013  -0.214331E-012   0.239960E-011
-15.008680   0.155101E-010  -0.356504E-013  -0.480863E-012   0.538984E-011
-14.807656   0.363972E-010  -0.871470E-013  -0.110847E-011   0.124403E-010
-14.588005   0.885566E-010  -0.221475E-012  -0.264531E-011   0.297302E-010
-14.350031   0.221287E-009  -0.579490E-012  -0.647427E-011   0.728777E-010
-14.104158   0.543799E-009  -0.149171E-011  -0.155747E-010   0.175608E-009
-13.866761   0.124381E-008  -0.356500E-011  -0.349010E-010   0.394168E-009
-13.646690   0.259312E-008  -0.773563E-011  -0.713959E-010   0.807610E-009
-13.443690   0.498139E-008  -0.154111E-010  -0.134772E-009   0.152678E-008
-13.254223   0.898819E-008  -0.287592E-010  -0.239221E-009   0.271395E-008
-13.074602   0.154956E-007  -0.511798E-010  -0.406013E-009   0.461266E-008
-12.901723   0.258665E-007  -0.880789E-010  -0.667523E-009   0.759423E-008
-12.733039   0.422392E-007  -0.148180E-009  -0.107379E-008   0.122335E-007
-12.566371   0.680320E-007  -0.245824E-009  -0.170363E-008   0.194371E-007
-12.399709   0.108846E-006  -0.405181E-009  -0.268419E-008   0.306707E-007
-12.231047   0.174151E-006  -0.668295E-009  -0.422708E-008   0.483773E-007
-12.058205   0.280592E-006  -0.111129E-008  -0.669825E-008   0.767899E-007
-11.878640   0.458876E-006  -0.187899E-008  -0.107609E-007   0.123596E-006
-11.689251   0.768897E-006  -0.326355E-008  -0.176843E-007   0.203542E-006
-11.486356   0.133466E-005  -0.589300E-008  -0.300384E-007   0.346568E-006
-11.266415   0.242538E-005  -0.111926E-007  -0.532582E-007   0.616203E-006
-11.029142   0.462165E-005  -0.224095E-007  -0.986719E-007   0.114546E-005
-10.783275   0.902478E-005  -0.461660E-007  -0.186787E-006   0.217670E-005
-10.545172   0.172846E-004  -0.933575E-007  -0.346394E-006   0.405344E-005
-10.325378   0.315466E-004  -0.179599E-006  -0.612348E-006   0.719631E-005
-10.124242   0.547512E-004  -0.327828E-006  -0.103006E-005   0.121581E-004
 -9.937761   0.911827E-004  -0.573230E-006  -0.166330E-005   0.197206E-004
 -9.761507   0.147152E-003  -0.970328E-006  -0.260256E-005   0.310005E-004
 -9.591619   0.231954E-003  -0.160377E-005  -0.397567E-005   0.475888E-004
 -9.424779   0.359323E-003  -0.260565E-005  -0.596329E-005   0.717544E-004
 -9.257949   0.549768E-003  -0.418455E-005  -0.882271E-005   0.106761E-003
 -9.088093   0.834466E-003  -0.667599E-005  -0.129259E-004   0.157382E-003
 -8.911894   0.126202E-002  -0.106345E-004  -0.188224E-004   0.230759E-003
 -8.725495   0.191053E-002  -0.170072E-004  -0.273445E-004   0.337865E-003
 -8.524471   0.290824E-002  -0.274591E-004  -0.397667E-004   0.495813E-003
 -8.304820   0.446137E-002  -0.449035E-004  -0.579493E-004   0.730268E-003
 -8.066846   0.685297E-002  -0.738851E-004  -0.840327E-004   0.107240E-002
 -7.820973   0.103175E-001  -0.119387E-003  -0.118913E-003   0.153944E-002
 -7.583576   0.148619E-001  -0.184092E-003  -0.160885E-003   0.211492E-002
 -7.363504   0.203461E-001  -0.268459E-003  -0.207221E-003   0.276713E-002
 -7.160505   0.266705E-001  -0.373082E-003  -0.256025E-003   0.347391E-002
 -6.971038   0.338172E-001  -0.499717E-003  -0.306277E-003   0.422468E-002
 -6.791416   0.418273E-001  -0.651337E-003  -0.357369E-003   0.501496E-002
 -6.618537   0.507802E-001  -0.832119E-003  -0.408797E-003   0.584271E-002
 -6.449854   0.607858E-001  -0.104759E-002  -0.460003E-003   0.670632E-002
 -6.283185   0.719838E-001  -0.130500E-002  -0.510258E-003   0.760359E-002
 -6.116524   0.845503E-001  -0.161390E-002  -0.558572E-003   0.853089E-002
 -5.947862   0.987091E-001  -0.198724E-002  -0.603562E-003   0.948223E-002
 -5.775020   0.114749E+000  -0.244294E-002  -0.643241E-003   0.104476E-001
 -5.595454   0.133047E+000  -0.300661E-002  -0.674675E-003   0.114102E-001
 -5.406066   0.154085E+000  -0.371551E-002  -0.693387E-003   0.123399E-001
 -5.203171   0.178427E+000  -0.462380E-002  -0.692451E-003   0.131823E-001
 -4.983230   0.206529E+000  -0.580466E-002  -0.661606E-003   0.138393E-001
 -4.745957   0.238084E+000  -0.733103E-002  -0.588677E-003   0.141533E-001
 -4.500089   0.270935E+000  -0.920507E-002  -0.468730E-003   0.139564E-001
 -4.261987   0.301463E+000  -0.112996E-001  -0.316655E-003   0.132208E-001
 -4.042193   0.327231E+000  -0.134460E-001  -0.161133E-003   0.121088E-001
 -3.841056   0.347896E+000  -0.155315E-001  -0.289004E-004   0.108448E-001
 -3.654576   0.364186E+000  -0.174903E-001   0.591656E-004   0.963219E-002
 -3.478321   0.377179E+000  -0.192714E-001   0.860007E-004   0.864583E-002
 -3.308434   0.388117E+000  -0.208234E-001   0.370461E-004   0.803980E-002
 -3.141594   0.398404E+000  -0.220895E-001  -0.997560E-004   0.794904E-002
 -2.974764   0.409650E+000  -0.230066E-001  -0.333248E-003   0.848531E-002
 -2.804908   0.423710E+000  -0.235046E-001  -0.667943E-003   0.972914E-002
 -2.628708   0.442738E+000  -0.235055E-001  -0.110244E-002   0.117180E-001
 -2.442309   0.469246E+000  -0.229210E-001  -0.162665E-002   0.144265E-001
 -2.241285   0.506088E+000  -0.216539E-001  -0.221609E-002   0.177258E-001
 -2.021634   0.556007E+000  -0.196209E-001  -0.281994E-002   0.212990E-001
 -1.783660   0.619713E+000  -0.168428E-001  -0.334519E-002   0.245221E-001
 -1.537788   0.692433E+000  -0.135985E-001  -0.367089E-002   0.265376E-001
 -1.300390   0.764682E+000  -0.103670E-001  -0.372745E-002   0.267968E-001
 -1.080319   0.829103E+000  -0.749998E-002  -0.353750E-002   0.253849E-001
 -0.877319   0.882971E+000  -0.511832E-002  -0.316209E-002   0.226841E-001
 -0.687853   0.926048E+000  -0.322539E-002  -0.265624E-002   0.190598E-001
 -0.508231   0.958820E+000  -0.179234E-002  -0.206049E-002   0.147907E-001
 -0.335352   0.981829E+000  -0.789893E-003  -0.140447E-002   0.100849E-001
 -0.166668   0.995477E+000  -0.196608E-003  -0.711174E-003   0.510752E-002
  0.000000   0.100000E+001  -0.100450E-016  -0.422312E-007  -0.355000E-006
  0.166661   0.995476E+000  -0.195975E-003   0.711064E-003  -0.510804E-002
  0.335324   0.981831E+000  -0.788553E-003   0.140427E-002  -0.100848E-001
  0.508165   0.958829E+000  -0.179014E-002   0.206017E-002  -0.147896E-001
  0.687731   0.926071E+000  -0.322205E-002   0.265577E-002  -0.190576E-001
  0.877119   0.883020E+000  -0.511348E-002   0.316152E-002  -0.226810E-001
  1.080015   0.829189E+000  -0.749322E-002   0.353695E-002  -0.253819E-001
  1.299956   0.764816E+000  -0.103581E-001   0.372719E-002  -0.267956E-001
  1.537229   0.692605E+000  -0.135881E-001   0.367124E-002  -0.265403E-001
  1.783096   0.619876E+000  -0.168333E-001   0.334615E-002  -0.245285E-001
  2.021199   0.556120E+000  -0.196143E-001   0.282102E-002  -0.213059E-001
  2.240992   0.506151E+000  -0.216501E-001   0.221690E-002  -0.177307E-001
  2.442129   0.469275E+000  -0.229189E-001   0.162709E-002  -0.144291E-001
  2.628610   0.442749E+000  -0.235041E-001   0.110258E-002  -0.117188E-001
  2.804864   0.423713E+000  -0.235031E-001   0.667901E-003  -0.972896E-002
  2.974751   0.409652E+000  -0.230045E-001   0.333121E-003  -0.848478E-002
  3.141592   0.398407E+000  -0.220868E-001   0.996127E-004  -0.794851E-002
  3.308422   0.388122E+000  -0.208200E-001  -0.371787E-004  -0.803930E-002
  3.478277   0.377189E+000  -0.192676E-001  -0.861309E-004  -0.864521E-002
  3.654477   0.364203E+000  -0.174864E-001  -0.593265E-004  -0.963119E-002
  3.840876   0.347924E+000  -0.155278E-001   0.286667E-004  -0.108432E-001
  4.041900   0.327277E+000  -0.134428E-001   0.160798E-003  -0.121067E-001
  4.261551   0.301532E+000  -0.112972E-001   0.316233E-003  -0.132187E-001
  4.499525   0.271024E+000  -0.920292E-002   0.468309E-003  -0.139551E-001
  4.745398   0.238172E+000  -0.732820E-002   0.588377E-003  -0.141535E-001
  4.982795   0.206599E+000  -0.580077E-002   0.661449E-003  -0.138403E-001
  5.202866   0.178476E+000  -0.461923E-002   0.692383E-003  -0.131835E-001
  5.405866   0.154117E+000  -0.371072E-002   0.693359E-003  -0.123409E-001
  5.595332   0.133067E+000  -0.300190E-002   0.674660E-003  -0.114109E-001
  5.774954   0.114762E+000  -0.243849E-002   0.643227E-003  -0.104481E-001
  5.947833   0.987172E-001  -0.198314E-002   0.603545E-003  -0.948243E-002
  6.116517   0.845558E-001  -0.161021E-002   0.558554E-003  -0.853097E-002
  6.283185   0.719882E-001  -0.130173E-002   0.510241E-003  -0.760363E-002
  6.449847   0.607900E-001  -0.104474E-002   0.459991E-003  -0.670639E-002
  6.618509   0.507849E-001  -0.829681E-003   0.408794E-003  -0.584287E-002
  6.791350   0.418332E-001  -0.649297E-003   0.357379E-003  -0.501530E-002
  6.970916   0.338247E-001  -0.498055E-003   0.306305E-003  -0.422523E-002
  7.160305   0.266796E-001  -0.371772E-003   0.256073E-003  -0.347472E-002
  7.363200   0.203567E-001  -0.267471E-003   0.207290E-003  -0.276819E-002
  7.583141   0.148731E-001  -0.183384E-003   0.160972E-003  -0.211618E-002
  7.820414   0.103280E-001  -0.118898E-003   0.119004E-003  -0.154071E-002
  8.066281   0.686058E-002  -0.735455E-004   0.841057E-004  -0.107339E-002
  8.304384   0.446573E-002  -0.446604E-004   0.579938E-004  -0.730861E-003
  8.524178   0.291041E-002  -0.272846E-004   0.397895E-004  -0.496115E-003
  8.725314   0.191152E-002  -0.168832E-004   0.273548E-004  -0.338001E-003
  8.911795   0.126245E-002  -0.105476E-004   0.188264E-004  -0.230813E-003
  9.088049   0.834635E-003  -0.661576E-005   0.129270E-004  -0.157400E-003
  9.257937   0.549835E-003  -0.414341E-005   0.882284E-005  -0.106765E-003
  9.424777   0.359357E-003  -0.257802E-005   0.596323E-005  -0.717547E-004
  9.591607   0.231984E-003  -0.158556E-005   0.397574E-005  -0.475904E-004
  9.761463   0.147186E-003  -0.958603E-006   0.260284E-005  -0.310044E-004
  9.937662   0.912189E-004  -0.565895E-006   0.166375E-005  -0.197262E-004
 10.124061   0.547870E-004  -0.323401E-006   0.103058E-005  -0.121646E-004
 10.325085   0.315783E-004  -0.177045E-006   0.612862E-006  -0.720251E-005
 10.544736   0.173091E-004  -0.919561E-007   0.346820E-006  -0.405852E-005
 10.782710   0.904042E-005  -0.454255E-007   0.187074E-006  -0.218009E-005
 11.028583   0.462951E-005  -0.220168E-007   0.988208E-007  -0.114721E-005
 11.265980   0.242870E-005  -0.109764E-007   0.533218E-007  -0.616950E-006
 11.486052   0.133599E-005  -0.576879E-008   0.300636E-007  -0.346863E-006
 11.689051   0.769427E-006  -0.318949E-008   0.176939E-007  -0.203655E-006
 11.878518   0.459088E-006  -0.183357E-008   0.107644E-007  -0.123638E-006
 12.058140   0.280677E-006  -0.108290E-008   0.669937E-008  -0.768037E-007
 12.231019   0.174186E-006  -0.650354E-009   0.422736E-008  -0.483810E-007
 12.399702   0.108862E-006  -0.393794E-009   0.268421E-008  -0.306713E-007
 12.566371   0.680406E-007  -0.238611E-009   0.170361E-008  -0.194372E-007
 12.733032   0.422453E-007  -0.143648E-009   0.107380E-008  -0.122337E-007
 12.901694   0.258719E-007  -0.852740E-010   0.667570E-009  -0.759485E-008
 13.074536   0.155007E-007  -0.494839E-010   0.406088E-009  -0.461356E-008
 13.254102   0.899284E-008  -0.277677E-010   0.239309E-009  -0.271498E-008
 13.443490   0.498537E-008  -0.148580E-010   0.134858E-009  -0.152778E-008
 13.646385   0.259622E-008  -0.744621E-011   0.714691E-010  -0.808448E-009
 13.866326   0.124594E-008  -0.342553E-011   0.349543E-010  -0.394776E-009
 14.103599   0.545009E-009  -0.143027E-011   0.156063E-010  -0.175967E-009
 14.349466   0.221813E-009  -0.554022E-012   0.648836E-011  -0.730373E-010
 14.587569   0.887366E-010  -0.210986E-012   0.265018E-011  -0.297853E-010
 14.807363   0.364522E-010  -0.827063E-013   0.110994E-011  -0.124569E-010
 15.008500   0.155260E-010  -0.337081E-013   0.481272E-012  -0.539449E-011
 15.194980   0.680346E-011  -0.141648E-013   0.214433E-012  -0.240077E-011
 15.371235   0.303273E-011  -0.606413E-014   0.971048E-013  -0.108602E-011
 15.541122   0.136097E-011  -0.261594E-014   0.442414E-013  -0.494303E-012
 15.707962   0.609229E-012  -0.112610E-014   0.200981E-013  -0.224341E-012
 15.874792   0.269687E-012  -0.479341E-015   0.902654E-014  -0.100665E-012
 16.044648   0.116975E-012  -0.199821E-015   0.397200E-014  -0.442572E-013
 16.220847   0.491810E-013  -0.806606E-016   0.169437E-014  -0.188628E-013
 16.407247   0.197766E-013  -0.310894E-016   0.691485E-015  -0.769140E-014
 16.608271   0.748492E-014  -0.112516E-016   0.265739E-015  -0.295325E-014
 16.827922   0.262919E-014  -0.376807E-017   0.948438E-016  -0.105310E-014
 17.065896   0.861896E-015  -0.117448E-017   0.316064E-016  -0.350630E-015
 17.311768   0.277195E-015  -0.358976E-018   0.103305E-016  -0.114505E-015
 17.549166   0.940851E-016  -0.116110E-018   0.355897E-017  -0.394183E-016
 17.769237   0.349355E-016  -0.412581E-019   0.133916E-017  -0.148223E-016
 17.972236   0.141139E-016  -0.160127E-019   0.547453E-018  -0.605593E-017
 18.161703   0.608387E-017  -0.665049E-020   0.238528E-018  -0.263723E-017
 18.341325   0.274430E-017  -0.289633E-020   0.108668E-018  -0.120091E-017
 18.514204   0.127459E-017  -0.130046E-020   0.509467E-019  -0.562773E-018
 18.682888   0.601482E-018  -0.593695E-021   0.242595E-019  -0.267868E-018
 18.849556   0.285109E-018  -0.272295E-021   0.116009E-019  -0.128043E-018
 19.016217   0.134295E-018  -0.124061E-021   0.551216E-020  -0.608163E-019
 19.184880   0.621637E-019  -0.555004E-022   0.257396E-020  -0.283879E-019
 19.357721   0.279227E-019  -0.240592E-022   0.116654E-020  -0.128608E-019
 19.537287   0.119836E-019  -0.994343E-023   0.505304E-021  -0.556862E-020
 19.726675   0.481723E-020  -0.383732E-023   0.205123E-021  -0.225961E-020
 19.929571   0.176874E-020  -0.134679E-023   0.761125E-022  -0.838084E-021
 20.149511   0.576937E-021  -0.417526E-024   0.251144E-022  -0.276410E-021
 20.386785   0.164774E-021  -0.112588E-024   0.726340E-023  -0.799018E-022
 20.632652   0.425954E-022  -0.273326E-025   0.190263E-023  -0.209194E-022
 20.870755   0.108346E-022  -0.651748E-026   0.490292E-024  -0.538814E-023
 21.090548   0.289252E-023  -0.163305E-026   0.132505E-024  -0.145553E-023
 21.291685   0.821116E-024  -0.435868E-027   0.380456E-025  -0.417749E-024
 21.478166   0.244718E-024  -0.122277E-027   0.114607E-025  -0.125794E-024
 21.654420   0.752479E-025  -0.354003E-028   0.356018E-026  -0.390631E-025
 21.824307   0.234989E-025  -0.104020E-028   0.112281E-026  -0.123156E-025
 21.991148   0.735178E-026  -0.305757E-029   0.354687E-027  -0.388915E-026
 22.157978   0.227525E-026  -0.886928E-030   0.110823E-027  -0.121480E-026
 22.327833   0.687454E-027  -0.250317E-030   0.338062E-028  -0.370455E-027
 22.504033   0.199726E-027  -0.676094E-031   0.991724E-029  -0.108642E-027
 22.690432   0.547645E-028  -0.171222E-031   0.274643E-029  -0.300774E-028
 22.891456   0.138631E-028  -0.396761E-032   0.702450E-030  -0.769042E-029
 23.111107   0.317946E-029  -0.823260E-033   0.162859E-030  -0.178241E-029
 23.349081   0.666538E-030  -0.154071E-033   0.345274E-031  -0.377759E-030
 23.594953   0.137054E-030  -0.279814E-034   0.717895E-032  -0.785186E-031
 23.832351   0.305826E-031  -0.549147E-035   0.161854E-032  -0.176974E-031
 24.052422   0.777270E-032  -0.122723E-035   0.415175E-033  -0.453843E-032
 24.255422   0.222958E-032  -0.309376E-036   0.120081E-033  -0.131235E-032
 24.444888   0.701826E-033  -0.853152E-037   0.380848E-034  -0.416140E-033
 24.624510   0.235865E-033  -0.249466E-037   0.128892E-034  -0.140810E-033
 24.797389   0.827319E-034  -0.752589E-038   0.455110E-035  -0.497105E-034
 24.966073   0.297326E-034  -0.228508E-038   0.164609E-035  -0.179768E-034
 25.132741   0.107767E-034  -0.680885E-039   0.600377E-036  -0.655562E-035
 25.299402   0.388195E-035  -0.193079E-039   0.217615E-036  -0.237580E-035
 25.468065   0.136898E-035  -0.497303E-040   0.772247E-037  -0.842966E-036
 25.640906   0.464694E-036  -0.105698E-040   0.263823E-037  -0.287937E-036
 25.820472   0.148730E-036  -0.130386E-041   0.850043E-038  -0.927587E-037
 26.009861   0.437193E-037   0.257106E-042   0.251645E-038  -0.274554E-037
 26.212756   0.114188E-037   0.245652E-042   0.662295E-039  -0.722458E-038
 26.432697   0.255582E-038   0.982348E-043   0.149486E-039  -0.163033E-038
 26.669970   0.481449E-039   0.273019E-043   0.284189E-040  -0.309878E-039
 26.915837   0.798808E-040   0.604683E-044   0.476109E-041  -0.519032E-040
 27.153940   0.130489E-040   0.122903E-044   0.785236E-042  -0.855847E-041
 27.373734   0.228494E-041   0.254465E-045   0.138748E-042  -0.151194E-041
 27.574870   0.435941E-042   0.554448E-046   0.266961E-043  -0.290856E-042
 27.761351   0.890485E-043   0.126360E-046   0.549673E-044  -0.598773E-043
 27.937605   0.190242E-043   0.296390E-047   0.118329E-044  -0.128879E-043
 28.107492   0.416258E-044   0.703919E-048   0.260829E-045  -0.284039E-044
 28.274333   0.916159E-045   0.166753E-048   0.578246E-046  -0.629609E-045
