 nmodes=            2  nfields=            2  max_plot=          289
 ky=   2.3136908677077591E-003   width=    1.000000000000000     
 theta     ((Re(field_i), Im(field_i),i=(1,nfields)),j=1,nmodes)
Tearing metric:  [   0.116245E-002   0.199733E+001   0.199698E+001   0.134281E-002 ]
DEP: [   0.988641E-006   0.928278E-004   0.000000E+000   0.000000E+000]
chi_th: [  -0.922497E-001  -0.358220E+000   0.000000E+000   0.000000E+000]
chi_i: [  -0.505321E+000  -0.169378E+002   0.000000E+000   0.000000E+000]
chi_i_cond: [  -0.213318E+000  -0.804463E+001   0.000000E+000   0.000000E+000]
chi_e: [   0.252419E-001   0.260051E+002   0.000000E+000   0.000000E+000]
chi_e_cond: [   0.102459E-001   0.614903E+001   0.000000E+000   0.000000E+000]
i_QL_cond_flux: [  -0.180593E-006  -0.681051E-005   0.000000E+000   0.000000E+000]
e_QL_cond_flux: [   0.102459E-007   0.614903E-005   0.000000E+000   0.000000E+000]
QL_ratio: [   0.205172E+003   0.139295E+003             NaN             NaN]
EP QL convective fraction: [   0.668972E+000   0.245331E+001             NaN             NaN]
<theta^2>: [   0.991163E+000   0.504832E+001   0.522927E+001   0.285684E+001]
 Mode kept T/F for each mode:    F  F  F  F
 Theta      Re(phi)        Im(phi)        Re(B_per)        Im(B_per)
 No kept modes at nominal write parameters. Showing leading mode.
-28.274330   0.107032E-168  -0.298288E-171  -0.124053E-169   0.368367E-168
-28.110998   0.147046E-166  -0.409814E-169  -0.169364E-167   0.502908E-166
-27.944287   0.230276E-164  -0.641793E-167  -0.263502E-165   0.782429E-164
-27.770195   0.493120E-162  -0.137439E-164  -0.560322E-163   0.166377E-161
-27.583313   0.181484E-159  -0.505830E-162  -0.204604E-160   0.607520E-159
-27.375591   0.155861E-156  -0.434425E-159  -0.174120E-157   0.516997E-156
-27.135596   0.446455E-153  -0.124441E-155  -0.493310E-154   0.146470E-152
-26.858699   0.385969E-149  -0.107583E-151  -0.421049E-150   0.125011E-148
-26.581372   0.177506E-145  -0.494770E-148  -0.191288E-146   0.567927E-145
-26.342926   0.105541E-142  -0.294177E-145  -0.112665E-143   0.334490E-142
-26.138704   0.122435E-140  -0.341265E-143  -0.129768E-141   0.385261E-140
-25.955700   0.532867E-139  -0.148525E-141  -0.561537E-140   0.166710E-138
-25.784787   0.135911E-137  -0.378816E-140  -0.142510E-138   0.423079E-137
-25.620036   0.270282E-136  -0.753335E-139  -0.282089E-137   0.837450E-136
-25.457622   0.499879E-135  -0.139325E-137  -0.519329E-136   0.154174E-134
-25.295399   0.938773E-134  -0.261649E-136  -0.970773E-135   0.288191E-133
-25.132741   0.180931E-132  -0.504271E-135  -0.186214E-133   0.552802E-132
-24.970077   0.343879E-131  -0.958406E-134  -0.352239E-132   0.104566E-130
-24.807847   0.619708E-130  -0.172712E-132  -0.631785E-131   0.187550E-129
-24.645452   0.107054E-128  -0.298353E-131  -0.108629E-129   0.322470E-128
-24.480775   0.192974E-127  -0.537792E-130  -0.194874E-128   0.578482E-127
-24.310021   0.428334E-126  -0.119367E-128  -0.430303E-127   0.127734E-125
-24.127302   0.151926E-124  -0.423369E-127  -0.151701E-125   0.450311E-124
-23.923544   0.127680E-122  -0.355787E-125  -0.126521E-123   0.375559E-122
-23.685822   0.441849E-120  -0.123115E-122  -0.433370E-121   0.128636E-119
-23.409130   0.842507E-117  -0.234728E-119  -0.815199E-118   0.241964E-116
-23.131627   0.236749E-113  -0.659509E-116  -0.225736E-114   0.669990E-113
-22.890946   0.213700E-110  -0.595226E-113  -0.201140E-111   0.596967E-110
-22.682768   0.605172E-108  -0.168540E-110  -0.563372E-109   0.167199E-107
-22.495591   0.766803E-106  -0.213530E-108  -0.706998E-107   0.209818E-105
-22.321318   0.578011E-104  -0.160939E-106  -0.528284E-105   0.156776E-103
-22.154509   0.317636E-102  -0.884314E-105  -0.287921E-103   0.854427E-102
-21.991145   0.148440E-100  -0.413217E-103  -0.133474E-101   0.396083E-100
-21.827812   0.671948E-099  -0.187030E-101  -0.599315E-100   0.177841E-098
-21.661102   0.334134E-097  -0.929906E-100  -0.295506E-098   0.876863E-097
-21.487010   0.209847E-095  -0.583923E-098  -0.183901E-096   0.545677E-095
-21.300127   0.198085E-093  -0.551097E-096  -0.171828E-094   0.509835E-093
-21.092406   0.354155E-091  -0.985089E-094  -0.303569E-092   0.900689E-091
-20.852411   0.156631E-088  -0.435550E-091  -0.132341E-089   0.392637E-088
-20.575514   0.157196E-085  -0.436965E-088  -0.130601E-086   0.387447E-085
-20.298187   0.950228E-083  -0.264043E-085  -0.776831E-084   0.230445E-082
-20.059741   0.119427E-080  -0.331756E-083  -0.964179E-082   0.286007E-080
-19.855518   0.431561E-079  -0.119855E-081  -0.345117E-080   0.102369E-078
-19.672514   0.739629E-078  -0.205371E-080  -0.586960E-079   0.174099E-077
-19.501602   0.843946E-077  -0.234294E-079  -0.665296E-078   0.197329E-076
-19.336850   0.795774E-076  -0.220883E-078  -0.623430E-077   0.184906E-075
-19.174437   0.708134E-075  -0.196523E-077  -0.551376E-076   0.163531E-074
-19.012214   0.635201E-074  -0.176250E-076  -0.491512E-075   0.145772E-073
-18.849556   0.578853E-073  -0.160585E-075  -0.445069E-074   0.131994E-072
-18.686892   0.520144E-072  -0.144270E-074  -0.397375E-073   0.117846E-071
-18.524662   0.447603E-071  -0.124125E-073  -0.339787E-072   0.100765E-070
-18.362267   0.371933E-070  -0.103120E-072  -0.280560E-071   0.831985E-070
-18.197589   0.317829E-069  -0.881011E-072  -0.238193E-070   0.706326E-069
-18.026836   0.315640E-068  -0.874739E-071  -0.234889E-069   0.696505E-068
-17.844117   0.441178E-067  -0.122230E-069  -0.325617E-068   0.965499E-067
-17.640359   0.115712E-065  -0.320467E-068  -0.845196E-067   0.250599E-065
-17.402637   0.849445E-064  -0.235134E-066  -0.611825E-065   0.181392E-063
-17.125945   0.213201E-061  -0.589733E-064  -0.150727E-062   0.446826E-061
-16.848442   0.688831E-059  -0.190377E-061  -0.477214E-060   0.141454E-058
-16.607761   0.948559E-057  -0.261954E-059  -0.645455E-058   0.191304E-056
-16.399583   0.553691E-055  -0.152799E-057  -0.371029E-056   0.109958E-054
-16.212406   0.178490E-053  -0.492249E-056  -0.118004E-054   0.349687E-053
-16.038133   0.391848E-052  -0.107999E-054  -0.255890E-053   0.758232E-052
-15.871323   0.679451E-051  -0.187154E-053  -0.438563E-052   0.129942E-050
-15.707960   0.103998E-049  -0.286286E-052  -0.663657E-051   0.196620E-049
-15.544627   0.154185E-048  -0.424169E-051  -0.972629E-050   0.288137E-048
-15.377916   0.241902E-047  -0.665025E-050  -0.150766E-048   0.446601E-047
-15.203824   0.442429E-046  -0.121536E-048  -0.272164E-047   0.806132E-046
-15.016942   0.106258E-044  -0.291629E-047  -0.644110E-046   0.190761E-044
-14.809220   0.391711E-043  -0.107387E-045  -0.233386E-044   0.691112E-043
-14.569225   0.264304E-041  -0.723559E-044  -0.154213E-042   0.456588E-041
-14.292329   0.303497E-039  -0.829378E-042  -0.172761E-040   0.511401E-039
-14.015001   0.237686E-037  -0.648348E-040  -0.132109E-038   0.390986E-037
-13.776556   0.624191E-036  -0.170006E-038  -0.340514E-037   0.100761E-035
-13.572333   0.696299E-035  -0.189418E-037  -0.374473E-036   0.110795E-034
-13.389329   0.466456E-034  -0.126764E-036  -0.247983E-035   0.733624E-034
-13.218416   0.236556E-033  -0.642287E-036  -0.124500E-034   0.368281E-033
-13.053665   0.105106E-032  -0.285130E-035  -0.547976E-034   0.162080E-032
-12.891251   0.447234E-032  -0.121219E-034  -0.231000E-033   0.683186E-032
-12.729028   0.190393E-031  -0.515570E-034  -0.974063E-033   0.288053E-031
-12.566371   0.814959E-031  -0.220473E-033  -0.412890E-032   0.122089E-030
-12.403707   0.343885E-030  -0.929394E-033  -0.172516E-031   0.510064E-030
-12.241477   0.140348E-029  -0.378924E-032  -0.697198E-031   0.206112E-029
-12.079081   0.557105E-029  -0.150255E-031  -0.274041E-030   0.810058E-029
-11.914404   0.224067E-028  -0.603657E-031  -0.109108E-029   0.322483E-028
-11.743651   0.987759E-028  -0.265784E-030  -0.475705E-029   0.140583E-027
-11.560931   0.538961E-027  -0.144807E-029  -0.256227E-028   0.757099E-027
-11.357174   0.435834E-026  -0.116870E-028  -0.203824E-027   0.602136E-026
-11.119452   0.667362E-025  -0.178457E-027  -0.305213E-026   0.901402E-025
-10.842759   0.215402E-023  -0.573710E-026  -0.956018E-025   0.282232E-023
-10.565257   0.779206E-022  -0.206555E-024  -0.334587E-023   0.987282E-022
-10.324576   0.159711E-020  -0.421431E-023  -0.665723E-022   0.196348E-020
-10.116397   0.187996E-019  -0.493968E-022  -0.763750E-021   0.225166E-019
 -9.929221   0.151135E-018  -0.395530E-021  -0.600133E-020   0.176859E-018
 -9.754948   0.948297E-018  -0.247215E-020  -0.368705E-019   0.108616E-017
 -9.588138   0.509403E-017  -0.132282E-019  -0.194112E-018   0.571614E-017
 -9.424774   0.250692E-016  -0.648374E-019  -0.936461E-018   0.275657E-016
 -9.261442   0.119405E-015  -0.307488E-018  -0.437061E-017   0.128600E-015
 -9.094731   0.578924E-015  -0.148368E-017  -0.207400E-016   0.609968E-015
 -8.920639   0.301278E-014  -0.767841E-017  -0.105422E-015   0.309884E-014
 -8.733757   0.179183E-013  -0.453607E-016  -0.610391E-015   0.179308E-013
 -8.526035   0.131764E-012  -0.330707E-015  -0.434739E-014   0.127606E-012
 -8.286040   0.130031E-011  -0.322594E-014  -0.412384E-013   0.120913E-011
 -8.009144   0.162027E-010  -0.395750E-013  -0.489858E-012   0.143423E-010
 -7.731816   0.155657E-009  -0.373624E-012  -0.448759E-011   0.131183E-009
 -7.493371   0.816250E-009  -0.192898E-011  -0.226508E-010   0.661213E-009
 -7.289148   0.271077E-008  -0.632203E-011  -0.730164E-010   0.212898E-008
 -7.106144   0.688532E-008  -0.158716E-010  -0.180965E-009   0.527111E-008
 -6.935231   0.150995E-007  -0.344269E-010  -0.388320E-009   0.113001E-007
 -6.770480   0.307887E-007  -0.694294E-010  -0.775605E-009   0.225487E-007
 -6.608066   0.609822E-007  -0.135922E-009  -0.150466E-008   0.437006E-007
 -6.445843   0.119781E-006  -0.263592E-009  -0.289265E-008   0.839219E-007
 -6.283185   0.233773E-006  -0.507260E-009  -0.552079E-008   0.159981E-006
 -6.120521   0.449120E-006  -0.959695E-009  -0.103659E-007   0.299999E-006
 -5.958291   0.842139E-006  -0.176995E-008  -0.189901E-007   0.548846E-006
 -5.795896   0.154541E-005  -0.319016E-008  -0.340334E-007   0.982191E-006
 -5.631219   0.282536E-005  -0.571572E-008  -0.606933E-007   0.174876E-005
 -5.460466   0.531602E-005  -0.104973E-007  -0.111084E-006   0.319460E-005
 -5.277746   0.107951E-004  -0.206509E-007  -0.218210E-006   0.626006E-005
 -5.073988   0.252550E-004  -0.461135E-007  -0.488778E-006   0.139733E-004
 -4.836267   0.735544E-004  -0.124233E-006  -0.133828E-005   0.380466E-004
 -4.559574   0.266566E-003  -0.389790E-006  -0.443824E-005   0.124988E-003
 -4.282071   0.913078E-003  -0.103618E-005  -0.136572E-004   0.379163E-003
 -4.041390   0.235127E-002  -0.174275E-005  -0.315976E-004   0.861518E-003
 -3.833212   0.473845E-002  -0.137776E-005  -0.574312E-004   0.153170E-002
 -3.646036   0.808671E-002   0.187655E-005  -0.884693E-004   0.229534E-002
 -3.471762   0.123153E-001   0.105635E-004  -0.121220E-003   0.303391E-002
 -3.304953   0.172671E-001   0.282397E-004  -0.151742E-003   0.361362E-002
 -3.141589   0.226907E-001   0.600457E-004  -0.175733E-003   0.388695E-002
 -2.978256   0.281937E-001   0.113661E-003  -0.188784E-003   0.369979E-002
 -2.811546   0.331770E-001   0.200808E-003  -0.187552E-003   0.292874E-002
 -2.637454   0.368183E-001   0.339395E-003  -0.173813E-003   0.161136E-002
 -2.450572   0.384239E-001   0.555482E-003  -0.166751E-003   0.342225E-003
 -2.242850   0.394779E-001   0.879512E-003  -0.236853E-003   0.136629E-002
 -2.002855   0.520029E-001   0.131080E-002  -0.577127E-003   0.108934E-001
 -1.725958   0.116318E+000   0.168889E-002  -0.146947E-002   0.381789E-001
 -1.448631   0.263663E+000   0.170912E-002  -0.262542E-002   0.745777E-001
 -1.210185   0.438230E+000   0.143713E-002  -0.332999E-002   0.973897E-001
 -1.005962   0.591364E+000   0.110048E-002  -0.350959E-002   0.103919E+000
 -0.822958   0.714790E+000   0.791830E-003  -0.334397E-002   0.996578E-001
 -0.652046   0.813094E+000   0.529335E-003  -0.295732E-002   0.884791E-001
 -0.487294   0.890898E+000   0.313293E-003  -0.240467E-002   0.721283E-001
 -0.324881   0.949518E+000   0.146392E-003  -0.170798E-002   0.513178E-001
 -0.162658   0.986980E+000   0.380309E-004  -0.890371E-003   0.267796E-001
  0.000000   0.100000E+001   0.365634E-017   0.315050E-006  -0.653001E-005
  0.162664   0.986966E+000   0.378127E-004   0.891017E-003  -0.267933E-001
  0.324894   0.949488E+000   0.145984E-003   0.170862E-002  -0.513316E-001
  0.487289   0.890861E+000   0.312706E-003   0.240517E-002  -0.721385E-001
  0.651967   0.813085E+000   0.528520E-003   0.295752E-002  -0.884812E-001
  0.822720   0.714883E+000   0.790650E-003   0.334387E-002  -0.996521E-001
  1.005439   0.591692E+000   0.109872E-002   0.350966E-002  -0.103921E+000
  1.209197   0.438972E+000   0.143473E-002   0.333192E-002  -0.974531E-001
  1.446919   0.264826E+000   0.170717E-002   0.263216E-002  -0.747932E-001
  1.723611   0.117201E+000   0.169010E-002   0.147896E-002  -0.384755E-001
  2.001114   0.521979E-001   0.131321E-002   0.581123E-003  -0.110127E-001
  2.241795   0.394880E-001   0.880514E-003   0.237571E-003  -0.138342E-002
  2.449973   0.384229E-001   0.555349E-003   0.166756E-003  -0.339124E-003
  2.637150   0.368208E-001   0.338768E-003   0.173785E-003  -0.160889E-002
  2.811423   0.331783E-001   0.200067E-003   0.187564E-003  -0.292851E-002
  2.978233   0.281926E-001   0.112982E-003   0.188810E-003  -0.370043E-002
  3.141596   0.226886E-001   0.594933E-004   0.175756E-003  -0.388762E-002
  3.304929   0.172664E-001   0.278247E-004   0.151767E-003  -0.361425E-002
  3.471640   0.123177E-001   0.102727E-004   0.121261E-003  -0.303485E-002
  3.645732   0.809269E-002   0.168689E-005   0.885388E-004  -0.229702E-002
  3.832614   0.474730E-002  -0.149208E-005   0.575327E-004  -0.153429E-002
  4.040336   0.236074E-002  -0.180558E-005   0.317155E-004  -0.864637E-003
  4.280330   0.920134E-003  -0.106638E-005   0.137554E-004  -0.381842E-003
  4.557227   0.269500E-003  -0.400974E-006   0.448440E-005  -0.126274E-003
  4.834555   0.741579E-004  -0.127325E-006   0.134892E-005  -0.383467E-004
  5.073000   0.253645E-004  -0.470650E-007   0.490911E-006  -0.140339E-004
  5.277223   0.108160E-004  -0.210229E-007   0.218671E-006  -0.627317E-005
  5.460227   0.531955E-005  -0.106715E-007   0.111185E-006  -0.319746E-005
  5.631140   0.282547E-005  -0.580640E-008   0.607123E-007  -0.174929E-005
  5.795891   0.154507E-005  -0.323972E-008   0.340357E-007  -0.982248E-006
  5.958305   0.841904E-006  -0.179727E-008   0.189904E-007  -0.548850E-006
  6.120528   0.449009E-006  -0.974514E-009   0.103664E-007  -0.300012E-006
  6.283185   0.233720E-006  -0.515100E-009   0.552120E-008  -0.159991E-006
  6.445849   0.119750E-006  -0.267663E-009   0.289279E-008  -0.839251E-007
  6.608079   0.609635E-007  -0.138018E-009   0.150467E-008  -0.437004E-007
  6.770475   0.307808E-007  -0.705068E-010   0.775649E-009  -0.225498E-007
  6.935152   0.151002E-007  -0.349735E-010   0.388458E-009  -0.113040E-007
  7.105905   0.689114E-008  -0.161375E-010   0.181171E-009  -0.527705E-008
  7.288625   0.271789E-008  -0.643987E-011   0.732267E-010  -0.213508E-008
  7.492382   0.821435E-009  -0.197244E-011   0.227986E-010  -0.665521E-009
  7.730104   0.157744E-009  -0.384782E-012   0.454793E-011  -0.132944E-009
  8.006797   0.165411E-010  -0.410693E-013   0.500055E-012  -0.146406E-010
  8.284299   0.132293E-011  -0.333770E-014   0.419579E-013  -0.123021E-011
  8.524980   0.133172E-012  -0.340043E-015   0.439473E-014  -0.128994E-012
  8.733159   0.180222E-013  -0.464306E-016   0.614108E-015  -0.180398E-013
  8.920335   0.302089E-014  -0.783750E-017   0.105743E-015  -0.310825E-014
  9.094608   0.579404E-015  -0.151200E-017   0.207652E-016  -0.610706E-015
  9.261418   0.119385E-015  -0.313121E-018   0.437165E-017  -0.128630E-015
  9.424782   0.250569E-016  -0.660194E-019   0.936391E-018  -0.275635E-016
  9.588114   0.509314E-017  -0.134768E-019   0.194160E-018  -0.571751E-017
  9.754825   0.949152E-018  -0.252195E-020   0.369191E-019  -0.108758E-017
  9.928917   0.151597E-018  -0.404477E-021   0.602211E-020  -0.177470E-018
 10.115799   0.189301E-019  -0.507247E-022   0.769334E-021  -0.226810E-019
 10.323521   0.161882E-020  -0.435770E-023   0.674982E-022  -0.199077E-020
 10.563516   0.797733E-022  -0.215820E-024   0.342624E-023  -0.101099E-021
 10.840412   0.222094E-023  -0.604013E-026   0.985921E-025  -0.291056E-023
 11.117740   0.681756E-025  -0.186245E-027   0.311893E-026  -0.921124E-025
 11.356185   0.440565E-026  -0.120737E-028   0.206122E-027  -0.608921E-026
 11.560408   0.541492E-027  -0.148730E-029   0.257552E-028  -0.761009E-027
 11.743412   0.989307E-028  -0.272196E-030   0.476690E-029  -0.140873E-027
 11.914325   0.224085E-028  -0.617424E-031   0.109174E-029  -0.322675E-028
 12.079076   0.556817E-029  -0.153617E-031   0.274044E-030  -0.810062E-029
 12.241490   0.140259E-029  -0.387427E-032   0.697126E-031  -0.206090E-029
 12.403713   0.343695E-030  -0.950498E-033   0.172513E-031  -0.510053E-030
 12.566371   0.814547E-031  -0.225531E-033   0.412905E-032  -0.122092E-030
 12.729035   0.190285E-031  -0.527465E-034   0.974045E-033  -0.288046E-031
 12.891265   0.446938E-032  -0.124026E-034   0.230974E-033  -0.683107E-032
 13.053660   0.105048E-032  -0.291819E-035   0.547979E-034  -0.162080E-032
 13.218337   0.236577E-033  -0.657895E-036   0.124581E-034  -0.368517E-033
 13.389090   0.467264E-034  -0.130084E-036   0.248550E-035  -0.735296E-034
 13.571810   0.700005E-035  -0.195119E-037   0.376668E-036  -0.111444E-034
 13.775568   0.632116E-036  -0.176458E-038   0.345010E-037  -0.102090E-035
 14.013289   0.243945E-037  -0.682275E-040   0.135647E-038  -0.401454E-037
 14.289982   0.315677E-039  -0.884961E-042   0.179764E-040  -0.532127E-039
 14.567485   0.272909E-041  -0.766848E-044   0.159305E-042  -0.471663E-041
 14.808166   0.399373E-043  -0.112433E-045   0.238077E-044  -0.704999E-043
 15.016344   0.107365E-044  -0.302716E-047   0.651201E-046  -0.192860E-044
 15.203520   0.444539E-046  -0.125495E-048   0.273631E-047  -0.810475E-046
 15.377794   0.242253E-047  -0.684635E-050   0.151082E-048  -0.447534E-047
 15.544603   0.154139E-048  -0.436044E-051   0.972981E-050  -0.288240E-048
 15.707967   0.103909E-049  -0.294221E-052   0.663535E-051  -0.196584E-049
 15.871299   0.679245E-051  -0.192502E-053   0.438725E-052  -0.129989E-050
 16.038010   0.392443E-052  -0.111321E-054   0.256451E-053  -0.759893E-052
 16.212102   0.179405E-053  -0.509375E-056   0.118688E-054  -0.351713E-053
 16.398984   0.560075E-055  -0.159178E-057   0.375552E-056  -0.111298E-054
 16.606706   0.969797E-057  -0.275931E-059   0.660319E-058  -0.195708E-056
 16.846701   0.715573E-059  -0.203856E-061   0.496029E-060  -0.147030E-058
 17.123598   0.223895E-061  -0.638734E-064   0.158376E-062  -0.469502E-061
 17.400925   0.878595E-064  -0.250962E-066   0.633222E-065  -0.187735E-063
 17.639371   0.117687E-065  -0.336472E-068   0.860226E-067  -0.255055E-065
 17.843594   0.444410E-067  -0.127144E-069   0.328245E-068  -0.973288E-067
 18.026598   0.316407E-068  -0.905701E-071   0.235639E-069  -0.698726E-068
 18.197510   0.317869E-069  -0.910289E-072   0.238407E-070  -0.706959E-069
 18.362261   0.371636E-070  -0.106470E-072   0.280556E-071  -0.831969E-070
 18.524675   0.447166E-071  -0.128158E-073   0.339723E-072  -0.100746E-070
 18.686898   0.519703E-072  -0.149006E-074   0.397353E-073  -0.117839E-071
 18.849556   0.578407E-073  -0.165901E-075   0.445080E-074  -0.131997E-072
 19.012220   0.634655E-074  -0.182105E-076   0.491483E-075  -0.145763E-073
 19.174450   0.707425E-075  -0.203061E-077   0.551268E-076  -0.163498E-074
 19.336845   0.795115E-076  -0.228314E-078   0.623418E-077  -0.184902E-075
 19.501523   0.844057E-077  -0.242457E-079   0.665925E-078  -0.197515E-076
 19.672276   0.741546E-078  -0.213093E-080   0.588959E-079  -0.174691E-077
 19.854995   0.434989E-079  -0.125055E-081   0.348138E-080  -0.103264E-078
 20.058753   0.121683E-080  -0.350019E-083   0.983164E-082  -0.291637E-080
 20.296475   0.987348E-083  -0.284209E-085   0.807777E-084  -0.239624E-082
 20.573167   0.166510E-085  -0.479728E-088   0.138437E-086  -0.410695E-085
 20.850670   0.164086E-088  -0.473183E-091   0.138745E-089  -0.411635E-088
 21.091351   0.364185E-091  -0.105103E-093   0.312420E-092  -0.926949E-091
 21.299529   0.201051E-093  -0.580594E-096   0.174549E-094  -0.517909E-093
 21.486706   0.211276E-095  -0.610451E-098   0.185317E-096  -0.549879E-095
 21.660979   0.334823E-097  -0.967879E-100   0.296382E-098  -0.879461E-097
 21.827788   0.671664E-099  -0.194244E-101   0.599611E-100  -0.177929E-098
 21.991152   0.148261E-100  -0.428945E-103   0.133437E-101  -0.395971E-100
 22.154485   0.317499E-102  -0.918955E-105   0.288065E-103  -0.854852E-102
 22.321196   0.579243E-104  -0.167723E-106   0.529903E-105  -0.157256E-103
 22.495287   0.772301E-106  -0.223721E-108   0.712730E-107  -0.211518E-105
 22.682170   0.614903E-108  -0.178210E-110   0.572959E-109  -0.170043E-107
 22.889891   0.220357E-110  -0.638980E-113   0.207593E-111  -0.616118E-110
 23.129886   0.249509E-113  -0.723965E-116   0.238111E-114  -0.706720E-113
 23.406783   0.900959E-117  -0.261602E-119   0.872513E-118  -0.258975E-116
 23.684111   0.462651E-120  -0.134422E-122   0.454192E-121  -0.134816E-119
 23.922556   0.130649E-122  -0.379780E-125   0.129590E-123  -0.384666E-122
 24.126779   0.153435E-124  -0.446175E-127   0.153362E-125  -0.455240E-124
 24.309783   0.429741E-126  -0.125000E-128   0.432157E-127  -0.128284E-125
 24.480696   0.193007E-127  -0.561539E-130   0.195108E-128  -0.579175E-127
 24.645447   0.106939E-128  -0.311201E-131   0.108626E-129  -0.322458E-128
 24.807861   0.618895E-130  -0.180142E-132   0.631615E-131  -0.187499E-129
 24.970084   0.343488E-131  -0.100000E-133   0.352207E-132  -0.104556E-130
 25.132741   0.180744E-132  -0.526318E-135   0.186217E-133  -0.552811E-132
 25.295405   0.937693E-134  -0.273111E-136   0.970683E-135  -0.288163E-133
 25.457635   0.499210E-135  -0.145430E-137   0.519186E-136  -0.154131E-134
 25.620030   0.269984E-136  -0.786679E-139   0.282078E-137  -0.837416E-136
 25.784708   0.135934E-137  -0.396169E-140   0.142687E-138  -0.423605E-137
 25.955461   0.534703E-139  -0.155869E-141   0.564075E-140  -0.167463E-138
 26.138180   0.123727E-140  -0.360766E-143   0.131277E-141  -0.389740E-140
 26.341938   0.108188E-142  -0.315556E-145   0.115612E-143  -0.343240E-142
 26.579660   0.186712E-145  -0.544818E-148   0.201415E-146  -0.597993E-145
 26.856353   0.416302E-149  -0.121541E-151   0.454596E-150  -0.134971E-148
 27.133855   0.474472E-153  -0.138601E-155   0.524814E-154  -0.155824E-152
 27.374536   0.161644E-156  -0.472415E-159   0.180776E-157  -0.536760E-156
 27.582714   0.185026E-159  -0.540966E-162   0.208831E-160  -0.620071E-159
 27.769891   0.497483E-162  -0.145500E-164   0.565928E-163  -0.168041E-161
 27.944164   0.230891E-164  -0.675497E-167   0.264513E-165  -0.785428E-164
 28.110974   0.146965E-166  -0.430085E-169   0.169471E-167  -0.503223E-166
 28.274338   0.106866E-168  -0.312820E-171   0.124007E-169  -0.368229E-168
