1 2 2.8124550711658354
2 7 0.937306345503666
3 12 0.2343647286095614
4 17 0.17577419019537344
5 22 0.0781233771903135
6 28 0.07812417809688003
7 33 0.019528016585842835
8 38 0.019524867160832144
9 43 0.019524422944828417
10 48 0.019528153272448317
11 54 0.039061957733348265
12 59 0.058593327647120046
13 64 0.07812459309473796
14 69 0.234371013469368
15 74 0.4687127930318399
16 80 0.7031065999220024
17 85 1.24989413207708
18 90 2.109368999005573
19 95 7.968680108910255
20 101 0.31249911429597294
