 nmodes=            1  nfields=            2  max_plot=          289
 ky=   1.5133476209941089E-002   width=    1.000000000000000     
 theta     ((Re(field_i), Im(field_i),i=(1,nfields)),j=1,nmodes)
Tearing metric:  [   0.281133E-002   0.642691E-002   0.315424E-002   0.102931E-001 ]
DEP: [   0.310981E-004   0.000000E+000   0.000000E+000   0.000000E+000]
chi_th: [  -0.106408E+000   0.000000E+000   0.000000E+000   0.000000E+000]
chi_i: [  -0.307635E+000   0.000000E+000   0.000000E+000   0.000000E+000]
chi_i_cond: [  -0.156268E+000   0.000000E+000   0.000000E+000   0.000000E+000]
chi_e: [  -0.109915E+000   0.000000E+000   0.000000E+000   0.000000E+000]
chi_e_cond: [  -0.453460E-001   0.000000E+000   0.000000E+000   0.000000E+000]
i_QL_cond_flux: [  -0.191374E-006   0.000000E+000   0.000000E+000   0.000000E+000]
e_QL_cond_flux: [  -0.453460E-007   0.000000E+000   0.000000E+000   0.000000E+000]
QL_ratio: [   0.228920E+003             NaN             NaN             NaN]
EP QL convective fraction: [   0.474881E+000             NaN             NaN             NaN]
<theta^2>: [   0.884336E+000   0.252289E+001   0.114282E+001   0.351971E+001]
 Mode kept T/F for each mode:    T  F  F  F
 Theta      Re(phi)        Im(phi)        Re(B_per)        Im(B_per)
-28.274283   0.922677E-169  -0.141211E-170   0.689736E-172   0.233124E-169
-28.117561   0.230452E-167  -0.352715E-169   0.171593E-170   0.579883E-168
-27.957541   0.749745E-166  -0.114759E-167   0.555857E-169   0.187817E-166
-27.790097   0.424203E-164  -0.649350E-166   0.312922E-167   0.105712E-164
-27.609181   0.577679E-162  -0.884367E-164   0.423502E-165   0.143034E-162
-27.404167   0.289021E-159  -0.442515E-161   0.210204E-162   0.709726E-160
-27.152602   0.103793E-155  -0.158942E-157   0.746862E-159   0.252061E-156
-26.814430   0.507890E-151  -0.777939E-153   0.360220E-154   0.121500E-151
-26.482174   0.463265E-147  -0.709737E-149   0.324474E-150   0.109386E-147
-26.245039   0.107824E-144  -0.165212E-146   0.749451E-148   0.252569E-145
-26.056200   0.561297E-143  -0.860128E-145   0.387954E-146   0.130711E-143
-25.891129   0.177871E-141  -0.272593E-143   0.122330E-144   0.412069E-142
-25.737857   0.551118E-140  -0.844682E-142   0.377145E-143   0.127013E-140
-25.589206   0.219205E-138  -0.336003E-140   0.149199E-141   0.502343E-139
-25.440276   0.131344E-136  -0.201350E-138   0.888559E-140   0.299089E-137
-25.288137   0.123104E-134  -0.188743E-136   0.827147E-138   0.278330E-135
-25.132741   0.155768E-132  -0.238857E-134   0.103891E-135   0.349466E-133
-24.977224   0.190418E-130  -0.292034E-132   0.126060E-133   0.423886E-131
-24.824859   0.162106E-128  -0.248648E-130   0.106569E-131   0.358228E-129
-24.675799   0.841076E-127  -0.129026E-128   0.549461E-130   0.184641E-127
-24.527248   0.279845E-125  -0.429349E-127   0.181788E-128   0.610709E-126
-24.374412   0.703351E-124  -0.107923E-125   0.454503E-127   0.152648E-124
-24.210270   0.172862E-122  -0.265272E-124   0.111115E-125   0.373088E-123
-24.023203   0.634484E-121  -0.973797E-123   0.405402E-124   0.136079E-121
-23.789487   0.816098E-119  -0.125276E-120   0.517179E-122   0.173524E-119
-23.463253   0.222525E-115  -0.341697E-117   0.139104E-118   0.466380E-116
-23.119986   0.272555E-111  -0.418687E-113   0.167543E-114   0.561210E-112
-22.865019   0.287776E-108  -0.442207E-110   0.174652E-111   0.584594E-109
-22.658203   0.494755E-106  -0.760443E-108   0.297378E-109   0.994819E-107
-22.476269   0.266642E-104  -0.409912E-106   0.159051E-107   0.531832E-105
-22.308240   0.668939E-103  -0.102854E-104   0.396534E-106   0.132542E-103
-22.147914   0.104068E-101  -0.160034E-103   0.613581E-105   0.205023E-102
-21.991097   0.127776E-100  -0.196518E-102   0.749625E-104   0.250404E-101
-21.834376   0.154577E-099  -0.237771E-101   0.902347E-103   0.301325E-100
-21.674356   0.228716E-098  -0.351865E-100   0.132787E-101   0.443270E-099
-21.506911   0.516936E-097  -0.795415E-099   0.298210E-100   0.995075E-098
-21.325995   0.228772E-095  -0.352094E-097   0.130939E-098   0.436696E-096
-21.120982   0.273272E-093  -0.420705E-095   0.154833E-096   0.516039E-094
-20.869417   0.146014E-090  -0.224882E-092   0.816110E-094   0.271747E-091
-20.531245   0.559657E-087  -0.862449E-089   0.307080E-090   0.102118E-087
-20.198988   0.576083E-084  -0.888228E-086   0.311049E-087   0.103315E-084
-19.961854   0.358874E-082  -0.553509E-084   0.191873E-085   0.636835E-083
-19.773015   0.713423E-081  -0.110062E-082   0.378681E-084   0.125616E-081
-19.607943   0.969664E-080  -0.149627E-081   0.511404E-083   0.169558E-080
-19.454672   0.128995E-078  -0.199095E-080   0.675957E-082   0.224002E-079
-19.306020   0.206106E-077  -0.318192E-079   0.107251E-080   0.355214E-078
-19.157090   0.445443E-076  -0.687885E-078   0.229978E-079   0.761192E-077
-19.004951   0.133656E-074  -0.206470E-076   0.683968E-078   0.226216E-075
-18.849556   0.497512E-073  -0.768832E-075   0.252164E-076   0.833327E-074
-18.694039   0.178741E-071  -0.276323E-073   0.897210E-075   0.296252E-072
-18.541674   0.486096E-070  -0.751752E-072   0.241789E-073   0.797723E-071
-18.392613   0.908316E-069  -0.140519E-070   0.448108E-072   0.147732E-069
-18.244063   0.121385E-067  -0.187844E-069   0.594428E-071   0.195837E-068
-18.091227   0.131168E-066  -0.203043E-068   0.637931E-070   0.210034E-067
-17.927085   0.138753E-065  -0.214849E-067   0.670168E-069   0.220503E-066
-17.740017   0.196101E-064  -0.303753E-066   0.939709E-068   0.308953E-065
-17.506301   0.689854E-063  -0.106908E-064   0.327023E-066   0.107402E-063
-17.180068   0.222039E-060  -0.344389E-062   0.103375E-063   0.338882E-061
-16.836801   0.205110E-057  -0.318478E-059   0.933939E-061   0.305435E-058
-16.581834   0.310398E-055  -0.482385E-057   0.138953E-058   0.453565E-056
-16.375018   0.124700E-053  -0.193927E-055   0.551077E-057   0.179612E-054
-16.193083   0.215618E-052  -0.335507E-054   0.943206E-056   0.307045E-053
-16.025055   0.214328E-051  -0.333657E-053   0.929752E-055   0.302357E-052
-15.864729   0.150794E-050  -0.234847E-052   0.649436E-054   0.211009E-051
-15.707912   0.892941E-050  -0.139121E-051   0.382012E-053   0.124015E-050
-15.551191   0.521167E-049  -0.812309E-051   0.221471E-052   0.718359E-050
-15.391171   0.349183E-048  -0.544490E-050   0.147300E-051   0.477325E-049
-15.223726   0.313633E-047  -0.489316E-049   0.131170E-050   0.424568E-048
-15.042810   0.448144E-046  -0.699643E-048   0.185442E-049   0.599370E-047
-14.837797   0.126720E-044  -0.198012E-046   0.517231E-048   0.166855E-045
-14.586232   0.995533E-043  -0.155757E-044   0.398903E-046   0.128338E-043
-14.248059   0.293920E-040  -0.460687E-042   0.114843E-043   0.368054E-041
-13.915803   0.336257E-038  -0.527929E-040   0.128523E-041   0.410426E-039
-13.678668   0.555277E-037  -0.872735E-039   0.209388E-040   0.667128E-038
-13.489830   0.418492E-036  -0.658288E-038   0.156244E-039   0.496938E-037
-13.324758   0.242372E-035  -0.381534E-037   0.896933E-039   0.284822E-036
-13.171487   0.137512E-034  -0.216634E-036   0.504381E-038   0.159906E-035
-13.022835   0.876119E-034  -0.138140E-035   0.318262E-037   0.100717E-034
-12.873905   0.677207E-033  -0.106883E-034   0.243338E-036   0.768455E-034
-12.721766   0.644185E-032  -0.101788E-033   0.228645E-035   0.720297E-033
-12.566371   0.697793E-031  -0.110401E-032   0.244390E-034   0.767793E-032
-12.410854   0.728541E-030  -0.115423E-031   0.251737E-033   0.788612E-031
-12.258488   0.626113E-029  -0.993267E-031   0.213611E-032   0.667308E-030
-12.109428   0.417155E-028  -0.662596E-030   0.140695E-031   0.438378E-029
-11.960877   0.221857E-027  -0.352795E-029   0.740558E-031   0.230185E-028
-11.808041   0.102176E-026  -0.162659E-028   0.337787E-030   0.104750E-027
-11.643899   0.461065E-026  -0.734829E-028   0.150951E-029   0.466988E-027
-11.456832   0.248305E-025  -0.396270E-027   0.803975E-029   0.248022E-026
-11.223116   0.235425E-024  -0.376433E-026   0.750762E-028   0.230681E-025
-10.896883   0.871935E-023  -0.139891E-024   0.271066E-026   0.826995E-024
-10.553616   0.587571E-021  -0.946986E-023   0.177008E-024   0.534924E-022
-10.298648   0.124054E-019  -0.200697E-021   0.364816E-023   0.109380E-020
-10.091832   0.113993E-018  -0.184989E-020   0.329150E-022   0.980572E-020
 -9.909898   0.621413E-018  -0.101102E-019   0.176853E-021   0.524069E-019
 -9.741869   0.241153E-017  -0.393208E-019   0.678211E-021   0.200062E-018
 -9.581543   0.757355E-017  -0.123732E-018   0.210823E-020   0.619371E-018
 -9.424727   0.213643E-016  -0.349692E-018   0.589104E-020   0.172400E-017
 -9.268005   0.594017E-016  -0.974181E-018   0.162243E-019   0.472892E-017
 -9.107985   0.177684E-015  -0.292041E-017   0.480276E-019   0.139352E-016
 -8.940541   0.623518E-015  -0.102756E-016   0.166491E-018   0.480403E-016
 -8.759625   0.281481E-014  -0.465494E-016   0.740369E-018   0.212106E-015
 -8.554611   0.183014E-013  -0.304095E-015   0.472142E-017   0.133947E-014
 -8.303046   0.202837E-012  -0.339379E-014   0.509839E-016   0.142591E-013
 -7.964874   0.434138E-011  -0.734107E-013   0.105347E-014   0.288308E-012
 -7.632618   0.521151E-010  -0.890522E-012   0.122670E-013   0.328591E-011
 -7.395483   0.219715E-009  -0.378108E-011   0.507711E-013   0.134045E-010
 -7.206644   0.609880E-009  -0.105541E-010   0.139040E-012   0.362938E-010
 -7.041573   0.146564E-008  -0.254959E-010   0.330193E-012   0.852797E-010
 -6.888301   0.344983E-008  -0.603448E-010   0.768068E-012   0.196152E-009
 -6.739650   0.849599E-008  -0.149558E-009   0.186761E-011   0.470844E-009
 -6.590720   0.226452E-007  -0.401675E-009   0.490791E-011   0.121836E-008
 -6.438581   0.654099E-007  -0.117095E-008   0.139553E-010   0.340018E-008
 -6.283185   0.196275E-006  -0.355191E-008   0.411828E-010   0.981618E-008
 -6.127669   0.564962E-006  -0.103466E-007   0.116609E-009   0.271305E-007
 -5.975303   0.145592E-005  -0.269921E-007   0.296032E-009   0.671877E-007
 -5.826243   0.329017E-005  -0.617347E-007   0.660281E-009   0.146259E-006
 -5.677692   0.664230E-005  -0.126094E-006   0.131790E-008   0.285114E-006
 -5.524856   0.124501E-004  -0.239122E-006   0.244511E-008   0.516609E-006
 -5.360714   0.228292E-004  -0.444025E-006   0.443946E-008   0.914330E-006
 -5.173647   0.441979E-004  -0.873090E-006   0.850355E-008   0.169702E-005
 -4.939931   0.103708E-003  -0.209747E-005   0.196850E-007   0.374462E-005
 -4.613698   0.377145E-003  -0.798961E-005   0.702257E-007   0.121484E-004
 -4.270430   0.147381E-002  -0.335833E-004   0.270011E-006   0.401186E-004
 -4.015463   0.352641E-002  -0.863445E-004   0.642557E-006   0.817650E-004
 -3.808647   0.618277E-002  -0.161889E-003   0.112723E-005   0.123311E-003
 -3.626713   0.904812E-002  -0.252253E-003   0.165524E-005   0.155953E-003
 -3.458684   0.118520E-001  -0.350606E-003   0.217789E-005   0.176507E-003
 -3.298358   0.144910E-001  -0.454164E-003   0.267514E-005   0.185038E-003
 -3.141541   0.169836E-001  -0.564971E-003   0.314848E-005   0.181965E-003
 -2.984820   0.193900E-001  -0.689424E-003   0.360536E-005   0.165899E-003
 -2.824800   0.217098E-001  -0.837119E-003   0.403446E-005   0.132399E-003
 -2.657356   0.237382E-001  -0.101821E-002   0.435725E-005   0.746894E-004
 -2.476439   0.249003E-001  -0.123561E-002   0.431521E-005  -0.719327E-005
 -2.271426   0.245523E-001  -0.146109E-002   0.319568E-005  -0.602993E-004
 -2.019861   0.265056E-001  -0.156747E-002  -0.784263E-006   0.217150E-003
 -1.681689   0.673480E-001  -0.123286E-002  -0.104416E-004   0.188921E-002
 -1.349432   0.187505E+000  -0.642726E-003  -0.198095E-004   0.458858E-002
 -1.112298   0.312120E+000  -0.297435E-003  -0.239068E-004   0.630088E-002
 -0.923459   0.425452E+000  -0.104099E-003  -0.253999E-004   0.725941E-002
 -0.758388   0.535514E+000   0.100765E-004  -0.253938E-004   0.771906E-002
 -0.605116   0.648760E+000   0.707204E-004  -0.240412E-004   0.770150E-002
 -0.456465   0.765965E+000   0.853203E-004  -0.210707E-004   0.706987E-002
 -0.307535   0.878686E+000   0.613088E-004  -0.160594E-004   0.560334E-002
 -0.155395   0.966076E+000   0.206567E-004  -0.881830E-005   0.316482E-002
  0.000000   0.100000E+001   0.195199E-015   0.301959E-007  -0.390168E-005
  0.155517   0.965868E+000   0.201076E-004   0.887951E-005  -0.317393E-002
  0.307882   0.878160E+000   0.603140E-004   0.161172E-004  -0.561336E-002
  0.456943   0.765200E+000   0.838652E-004   0.211133E-004  -0.707704E-002
  0.605493   0.648016E+000   0.688523E-004   0.240623E-004  -0.770431E-002
  0.758329   0.535076E+000   0.812085E-005   0.253958E-004  -0.771937E-002
  0.922471   0.425617E+000  -0.105365E-003   0.253935E-004  -0.726192E-002
  1.109539   0.313316E+000  -0.296102E-003   0.239192E-004  -0.631541E-002
  1.343254   0.190278E+000  -0.633607E-003   0.199258E-004  -0.463771E-002
  1.669488   0.701615E-001  -0.121322E-002   0.108039E-004  -0.197667E-002
  2.012755   0.266973E-001  -0.156600E-002   0.937306E-006  -0.234392E-003
  2.267722   0.245125E-001  -0.146398E-002  -0.316760E-005   0.607131E-004
  2.474538   0.248937E-001  -0.123723E-002  -0.431505E-005   0.828272E-005
  2.656472   0.237409E-001  -0.101849E-002  -0.435978E-005  -0.743922E-004
  2.824501   0.217094E-001  -0.836706E-003  -0.403533E-005  -0.132520E-003
  2.984827   0.193861E-001  -0.688766E-003  -0.360479E-005  -0.166154E-003
  3.141644   0.169785E-001  -0.564317E-003  -0.314728E-005  -0.182238E-003
  3.298365   0.144877E-001  -0.453666E-003  -0.267409E-005  -0.185294E-003
  3.458385   0.118543E-001  -0.350390E-003  -0.217783E-005  -0.176763E-003
  3.625830   0.906068E-002  -0.252441E-003  -0.165713E-005  -0.156283E-003
  3.806746   0.620980E-002  -0.162541E-003  -0.113185E-005  -0.123841E-003
  4.011759   0.356703E-002  -0.873512E-004  -0.649749E-006  -0.826030E-004
  4.263324   0.151564E-002  -0.345647E-004  -0.277532E-006  -0.411356E-004
  4.601497   0.396494E-003  -0.840768E-005  -0.737642E-007  -0.127237E-004
  4.933753   0.106226E-003  -0.214730E-005  -0.201535E-007  -0.383374E-005
  5.170888   0.446012E-004  -0.880131E-006  -0.857960E-008  -0.171390E-005
  5.359726   0.228861E-004  -0.444572E-006  -0.445038E-008  -0.917795E-006
  5.524798   0.124390E-004  -0.238585E-006  -0.244308E-008  -0.516930E-006
  5.678069   0.662403E-005  -0.125570E-006  -0.131446E-008  -0.284794E-006
  5.826721   0.327885E-005  -0.614337E-007  -0.658135E-009  -0.146000E-006
  5.975651   0.145162E-005  -0.268731E-007  -0.295227E-009  -0.671012E-007
  6.127790   0.563987E-006  -0.103135E-007  -0.116439E-009  -0.271281E-007
  6.283185   0.196055E-006  -0.354260E-008  -0.411498E-010  -0.982132E-008
  6.438702   0.652866E-007  -0.116694E-008  -0.139345E-010  -0.339956E-008
  6.591068   0.225666E-007  -0.399644E-009  -0.489317E-011  -0.121629E-008
  6.740128   0.845919E-008  -0.148668E-009  -0.186052E-011  -0.469664E-009
  6.888679   0.343706E-008  -0.600225E-010  -0.765661E-012  -0.195784E-009
  7.041514   0.146368E-008  -0.254197E-010  -0.329942E-012  -0.853185E-010
  7.205656   0.612063E-009  -0.105744E-010  -0.139615E-012  -0.364855E-010
  7.392724   0.222866E-009  -0.382907E-011  -0.515230E-013  -0.136168E-010
  7.626440   0.543231E-010  -0.926815E-012  -0.127892E-013  -0.342834E-011
  7.952673   0.480855E-011  -0.811953E-013  -0.116637E-014  -0.319299E-012
  8.295940   0.217792E-012  -0.363796E-014  -0.547514E-016  -0.153221E-013
  8.550908   0.189556E-013  -0.314383E-015  -0.489348E-017  -0.138944E-014
  8.757724   0.285911E-014  -0.471897E-016  -0.752734E-018  -0.215850E-015
  8.939658   0.626948E-015  -0.103114E-016  -0.167592E-018  -0.484049E-016
  9.107686   0.177761E-015  -0.291568E-017  -0.481061E-019  -0.139716E-016
  9.268012   0.592919E-016  -0.970355E-018  -0.162147E-019  -0.473073E-017
  9.424829   0.213105E-016  -0.348077E-018  -0.588385E-020  -0.172356E-017
  9.581551   0.755912E-017  -0.123233E-018  -0.210701E-020  -0.619604E-018
  9.741571   0.241261E-017  -0.392539E-019  -0.679426E-021  -0.200608E-018
  9.909015   0.625145E-018  -0.101488E-019  -0.178153E-021  -0.528401E-019
 10.089931   0.116040E-018  -0.187898E-020  -0.335492E-022  -0.100032E-019
 10.294944   0.129408E-019  -0.208898E-021  -0.381006E-023  -0.114323E-020
 10.546510   0.644205E-021  -0.103597E-022  -0.194240E-024  -0.587381E-022
 10.884682   0.100877E-022  -0.161479E-024  -0.313809E-026  -0.957917E-024
 11.216938   0.251061E-024  -0.400465E-026  -0.801715E-028  -0.246510E-025
 11.454073   0.254122E-025  -0.404543E-027  -0.824218E-029  -0.254463E-026
 11.642912   0.463814E-026  -0.737334E-028  -0.152135E-029  -0.471022E-027
 11.807983   0.101922E-026  -0.161837E-028  -0.337606E-030  -0.104777E-027
 11.961254   0.220330E-027  -0.349456E-029  -0.736950E-031  -0.229245E-028
 12.109906   0.413676E-028  -0.655340E-030  -0.139811E-031  -0.435965E-029
 12.258836   0.621710E-029  -0.983657E-031  -0.212557E-032  -0.664528E-030
 12.410975   0.725545E-030  -0.114638E-031  -0.251239E-033  -0.787649E-031
 12.566371   0.695921E-031  -0.109804E-032  -0.244266E-034  -0.767980E-032
 12.721887   0.641447E-032  -0.101074E-033  -0.228184E-035  -0.719376E-033
 12.874253   0.672133E-033  -0.105783E-034  -0.242073E-036  -0.765019E-034
 13.023313   0.868116E-034  -0.136488E-035  -0.316099E-037  -0.100106E-034
 13.171864   0.136450E-034  -0.214342E-036  -0.501681E-038  -0.159164E-035
 13.324700   0.241675E-035  -0.379335E-037  -0.896504E-039  -0.284887E-036
 13.488842   0.421408E-036  -0.660938E-038  -0.157708E-039  -0.501943E-037
 13.675909   0.570943E-037  -0.894715E-039  -0.215797E-040  -0.688005E-038
 13.909625   0.364283E-038  -0.570233E-040  -0.139532E-041  -0.445858E-039
 14.235858   0.356276E-040  -0.556746E-042  -0.139447E-043  -0.447145E-041
 14.579126   0.113399E-042  -0.176867E-044  -0.455358E-046  -0.146583E-043
 14.834093   0.134962E-044  -0.210217E-046  -0.552268E-048  -0.178264E-045
 15.040909   0.460674E-046  -0.716865E-048  -0.191150E-049  -0.618195E-047
 15.222843   0.316633E-047  -0.492369E-049  -0.132803E-050  -0.430120E-048
 15.390872   0.349408E-048  -0.543028E-050  -0.147828E-051  -0.479328E-049
 15.551198   0.519445E-049  -0.806911E-051  -0.221397E-052  -0.718561E-050
 15.708015   0.888986E-050  -0.138038E-051  -0.381467E-053  -0.123914E-050
 15.864736   0.150288E-050  -0.233263E-052  -0.649224E-054  -0.211068E-051
 16.024756   0.214469E-051  -0.332734E-053  -0.933211E-055  -0.303664E-052
 16.192200   0.217787E-052  -0.337712E-054  -0.955610E-056  -0.311267E-053
 16.373117   0.128457E-053  -0.199075E-055  -0.569408E-057  -0.185693E-054
 16.578130   0.332880E-055  -0.515499E-057  -0.149458E-058  -0.488125E-056
 16.829695   0.238403E-057  -0.368851E-059  -0.108855E-060  -0.356181E-058
 17.167867   0.280722E-060  -0.433820E-062  -0.131040E-063  -0.429778E-061
 17.500123   0.764006E-063  -0.117957E-064  -0.363317E-066  -0.119383E-063
 17.737258   0.203381E-064  -0.313836E-066  -0.977920E-068  -0.321686E-065
 17.926097   0.140044E-065  -0.216017E-067  -0.678787E-069  -0.223458E-066
 18.091168   0.130650E-066  -0.201461E-068  -0.637698E-070  -0.210069E-067
 18.244440   0.120080E-067  -0.185103E-069  -0.590190E-071  -0.194544E-068
 18.393091   0.896557E-069  -0.138157E-070  -0.443942E-072  -0.146436E-069
 18.542021   0.480812E-070  -0.740645E-072  -0.240053E-073  -0.792411E-071
 18.694161   0.177606E-071  -0.273474E-073  -0.894868E-075  -0.295631E-072
 18.849556   0.495452E-073  -0.762568E-075  -0.252075E-076  -0.833461E-074
 19.005073   0.132789E-074  -0.204297E-076  -0.682154E-078  -0.225730E-075
 19.157438   0.440400E-076  -0.677309E-078  -0.228265E-079  -0.755903E-077
 19.306498   0.203278E-077  -0.312529E-079  -0.106199E-080  -0.351905E-078
 19.455049   0.127502E-078  -0.195972E-080  -0.670803E-082  -0.222404E-079
 19.607885   0.965469E-080  -0.148355E-081  -0.511232E-083  -0.169584E-080
 19.772027   0.720770E-081  -0.110727E-082  -0.384113E-084  -0.127480E-081
 19.959094   0.373913E-082  -0.574258E-084  -0.200707E-085  -0.666473E-083
 20.192810   0.647984E-084  -0.994810E-086  -0.351214E-087  -0.116710E-084
 20.519044   0.740811E-087  -0.113666E-088  -0.407924E-090  -0.135710E-087
 20.862311   0.176219E-090  -0.270199E-092  -0.988759E-094  -0.329378E-091
 21.117278   0.299116E-093  -0.458420E-095  -0.170184E-096  -0.567455E-094
 21.324094   0.237949E-095  -0.364549E-097  -0.136783E-098  -0.456391E-096
 21.506028   0.523963E-097  -0.802524E-099  -0.303607E-100  -0.101354E-097
 21.674057   0.228916E-098  -0.350544E-100  -0.133502E-101  -0.445854E-099
 21.834383   0.153849E-099  -0.235551E-101  -0.902181E-103  -0.301403E-100
 21.991200   0.126973E-100  -0.194370E-102  -0.748325E-104  -0.250080E-101
 22.147921   0.103572E-101  -0.158524E-103  -0.613471E-105  -0.205077E-102
 22.307941   0.669534E-103  -0.102459E-104  -0.398722E-106  -0.133332E-103
 22.475386   0.270397E-104  -0.413710E-106  -0.162038E-107  -0.542056E-105
 22.656302   0.515681E-106  -0.788813E-108  -0.311389E-109  -0.104214E-106
 22.861315   0.317158E-108  -0.485002E-110  -0.193365E-111  -0.647500E-109
 23.112880   0.335593E-111  -0.513002E-113  -0.207212E-114  -0.694363E-112
 23.451053   0.307115E-115  -0.469246E-117  -0.192820E-118  -0.646723E-116
 23.783309   0.938242E-119  -0.143299E-120  -0.597423E-122  -0.200526E-119
 24.020444   0.666760E-121  -0.101812E-122  -0.428146E-124  -0.143771E-121
 24.209282   0.175045E-122  -0.267243E-124  -0.113089E-125  -0.379869E-123
 24.374354   0.699562E-124  -0.106788E-125  -0.454378E-127  -0.152667E-124
 24.527625   0.275774E-125  -0.420911E-127  -0.180073E-128  -0.605189E-126
 24.676277   0.826381E-127  -0.126111E-128  -0.542683E-130  -0.182436E-127
 24.825207   0.159732E-128  -0.243721E-130  -0.105561E-131  -0.354978E-129
 24.977346   0.188790E-130  -0.288007E-132  -0.125643E-133  -0.422651E-131
 25.132741   0.154900E-132  -0.236261E-134  -0.103863E-135  -0.349508E-133
 25.288258   0.122035E-134  -0.186100E-136  -0.824379E-138  -0.277505E-135
 25.440624   0.129362E-136  -0.197240E-138  -0.879910E-140  -0.296291E-137
 25.589684   0.215208E-138  -0.328082E-140  -0.147281E-141  -0.496074E-139
 25.738235   0.542653E-140  -0.827161E-142  -0.373398E-143  -0.125799E-140
 25.891070   0.176847E-141  -0.269535E-143  -0.122299E-144  -0.412118E-142
 26.055212   0.568945E-143  -0.867035E-145  -0.395416E-146  -0.133274E-143
 26.242280   0.113829E-144  -0.173445E-146  -0.795550E-148  -0.268204E-145
 26.475996   0.540888E-147  -0.824027E-149  -0.380896E-150  -0.128452E-147
 26.802229   0.733718E-151  -0.111749E-152  -0.523102E-154  -0.176500E-151
 27.145496   0.132671E-155  -0.201997E-157  -0.959899E-159  -0.324071E-156
 27.400463   0.325074E-159  -0.494825E-161  -0.237782E-162  -0.803119E-160
 27.607279   0.607917E-162  -0.925206E-164  -0.448289E-165  -0.151458E-162
 27.789214   0.431678E-164  -0.656895E-166  -0.320335E-167  -0.108254E-164
 27.957242   0.750575E-166  -0.114205E-167  -0.559822E-169  -0.189222E-166
 28.117568   0.229046E-167  -0.348476E-169  -0.171579E-170  -0.580036E-168
 28.274385   0.915183E-169  -0.139227E-170  -0.688298E-172  -0.232718E-169
