 nmodes=            1  nfields=            2  max_plot=          289
 ky=   6.6283712775010051E-002   width=    1.000000000000000     
 theta     ((Re(field_i), Im(field_i),i=(1,nfields)),j=1,nmodes)
Tearing metric:  [   0.136315E-003   0.199774E+001   0.199730E+001   0.199812E+001 ]
DEP: [   0.127270E-002   0.000000E+000   0.000000E+000   0.000000E+000]
chi_th: [  -0.137816E+002   0.000000E+000   0.000000E+000   0.000000E+000]
chi_i: [  -0.973358E+002   0.000000E+000   0.000000E+000   0.000000E+000]
chi_i_cond: [  -0.468914E+002   0.000000E+000   0.000000E+000   0.000000E+000]
chi_e: [   0.121367E+003   0.000000E+000   0.000000E+000   0.000000E+000]
chi_e_cond: [   0.584563E+001   0.000000E+000   0.000000E+000   0.000000E+000]
i_QL_cond_flux: [  -0.277968E-004   0.000000E+000   0.000000E+000   0.000000E+000]
e_QL_cond_flux: [   0.584563E-005   0.000000E+000   0.000000E+000   0.000000E+000]
QL_ratio: [   0.289731E+003             NaN             NaN             NaN]
EP QL convective fraction: [   0.398680E+000             NaN             NaN             NaN]
<theta^2>: [   0.230133E+001   0.148519E+002   0.114206E+002   0.662361E+001]
 Mode kept T/F for each mode:    T  F  F  F
 Theta      Re(phi)        Im(phi)        Re(B_per)        Im(B_per)
-28.274335   0.269651E-168  -0.670853E-170  -0.284504E-169   0.521059E-168
-28.106223   0.576613E-166  -0.143429E-167  -0.604183E-167   0.110660E-165
-27.934964   0.127335E-163  -0.316684E-165  -0.132485E-164   0.242669E-163
-27.757086   0.313221E-161  -0.778859E-163  -0.323521E-162   0.592619E-161
-27.568512   0.937597E-159  -0.233104E-160  -0.961025E-160   0.176050E-158
-27.364550   0.376927E-156  -0.936944E-158  -0.383190E-157   0.702014E-156
-27.141196   0.218004E-153  -0.541803E-155  -0.219675E-154   0.402480E-153
-26.900046   0.165377E-150  -0.410932E-152  -0.165086E-151   0.302489E-150
-26.654296   0.111901E-147  -0.278003E-149  -0.110657E-148   0.202776E-147
-26.420748   0.441239E-145  -0.109602E-146  -0.432519E-146   0.792641E-145
-26.205753   0.904918E-143  -0.224747E-144  -0.880000E-144   0.161282E-142
-26.007137   0.107323E-140  -0.266517E-142  -0.103614E-141   0.189911E-140
-25.820665   0.851225E-139  -0.211362E-140  -0.816287E-140   0.149625E-138
-25.642572   0.509927E-137  -0.126604E-138  -0.485884E-138   0.890678E-137
-25.469947   0.252891E-135  -0.627816E-137  -0.239486E-136   0.439029E-135
-25.300584   0.111187E-133  -0.276002E-135  -0.104657E-134   0.191871E-133
-25.132741   0.456984E-132  -0.113429E-133  -0.427567E-133   0.783917E-132
-24.964904   0.183692E-130  -0.455907E-132  -0.170829E-131   0.313225E-130
-24.795557   0.754629E-129  -0.187277E-130  -0.697476E-130   0.127894E-128
-24.622962   0.332912E-127  -0.826126E-129  -0.305746E-128   0.560673E-127
-24.444916   0.167732E-125  -0.416196E-127  -0.153020E-126   0.280626E-125
-24.258513   0.104547E-123  -0.259393E-125  -0.946991E-125   0.173683E-123
-24.059991   0.893255E-122  -0.221609E-123  -0.802832E-123   0.147256E-121
-23.845121   0.117587E-119  -0.291699E-121  -0.104769E-120   0.192187E-119
-23.611714   0.256392E-117  -0.635977E-119  -0.226220E-118   0.415020E-117
-23.366009   0.815444E-115  -0.202252E-116  -0.711842E-116   0.130609E-114
-23.124742   0.256421E-112  -0.635947E-114  -0.221419E-113   0.406312E-112
-22.901238   0.573446E-110  -0.142211E-111  -0.490011E-111   0.899301E-110
-22.697159   0.857000E-108  -0.212520E-109  -0.725103E-109   0.133092E-107
-22.508500   0.921705E-106  -0.228556E-107  -0.772537E-107   0.141815E-105
-22.330564   0.782908E-104  -0.194133E-105  -0.650249E-105   0.119380E-103
-22.159273   0.568410E-102  -0.140943E-103  -0.467889E-103   0.859100E-102
-21.991150   0.376132E-100  -0.932642E-102  -0.306865E-101   0.563506E-100
-21.823037   0.239803E-098  -0.594602E-100  -0.193889E-099   0.356086E-098
-21.651779   0.155405E-096  -0.385335E-098  -0.124499E-097   0.228677E-096
-21.473900   0.108477E-094  -0.268980E-096  -0.860786E-096   0.158128E-094
-21.285326   0.872329E-093  -0.216307E-094  -0.685278E-094   0.125904E-092
-21.081365   0.870471E-091  -0.215854E-092  -0.676487E-092   0.124308E-090
-20.858011   0.113384E-088  -0.281179E-090  -0.870947E-090   0.160068E-088
-20.616861   0.179189E-086  -0.444398E-088  -0.135942E-087   0.249889E-086
-20.371110   0.255734E-084  -0.634289E-086  -0.191605E-085   0.352277E-084
-20.137563   0.238801E-082  -0.592351E-084  -0.176838E-083   0.325185E-082
-19.922568   0.134300E-080  -0.333167E-082  -0.984006E-082   0.180978E-080
-19.723951   0.494524E-079  -0.122693E-080  -0.358834E-080   0.660070E-079
-19.537480   0.133373E-077  -0.330937E-079  -0.959065E-079   0.176445E-077
-19.359387   0.289210E-076  -0.717692E-078  -0.206187E-077   0.379389E-076
-19.186762   0.540771E-075  -0.134211E-076  -0.382339E-076   0.703613E-075
-19.017399   0.918411E-074  -0.227963E-075  -0.644048E-075   0.118540E-073
-18.849556   0.147459E-072  -0.366060E-074  -0.102568E-073   0.188808E-072
-18.681718   0.231530E-071  -0.574841E-073  -0.159726E-072   0.294069E-071
-18.512372   0.367326E-070  -0.912129E-072  -0.251291E-071   0.462716E-070
-18.339777   0.610732E-069  -0.151678E-070  -0.414193E-070   0.762801E-069
-18.161730   0.111321E-067  -0.276520E-069  -0.748105E-069   0.137799E-067
-17.975327   0.235767E-066  -0.585761E-068  -0.156899E-067   0.289056E-066
-17.776806   0.624829E-065  -0.155275E-066  -0.411376E-066   0.758040E-065
-17.561936   0.225262E-063  -0.559949E-065  -0.146538E-064   0.270090E-063
-17.328529   0.116090E-061  -0.288668E-063  -0.745026E-063   0.137356E-061
-17.082824   0.776175E-060  -0.193079E-061  -0.490774E-061   0.905092E-060
-16.841556   0.505960E-058  -0.125915E-059  -0.315082E-059   0.581267E-058
-16.618053   0.253377E-056  -0.630845E-058  -0.155484E-057   0.286932E-056
-16.413974   0.934455E-055  -0.232760E-056  -0.565477E-056   0.104387E-054
-16.225314   0.268424E-053  -0.668909E-055  -0.160279E-054   0.295966E-053
-16.047379   0.643254E-052  -0.160372E-053  -0.379142E-053   0.700327E-052
-15.876087   0.136245E-050  -0.339838E-052  -0.792828E-052   0.146492E-050
-15.707964   0.267177E-049  -0.666757E-051  -0.153495E-050   0.283706E-049
-15.539852   0.504689E-048  -0.126015E-049  -0.286209E-049   0.529175E-048
-15.368593   0.953562E-047  -0.238229E-048  -0.533602E-048   0.986927E-047
-15.190715   0.187585E-045  -0.468934E-047  -0.103522E-046   0.191540E-045
-15.002141   0.402246E-044  -0.100624E-045  -0.218743E-045   0.404891E-044
-14.798180   0.988261E-043  -0.247410E-044  -0.528966E-044   0.979550E-043
-14.574826   0.287312E-041  -0.719919E-043  -0.151152E-042   0.280047E-041
-14.333675   0.936687E-040  -0.234940E-041  -0.483747E-041   0.896760E-040
-14.087925   0.279120E-038  -0.700832E-040  -0.141476E-039   0.262418E-038
-13.854378   0.611255E-037  -0.153639E-038  -0.304399E-038   0.564936E-037
-13.639383   0.934188E-036  -0.235043E-037  -0.457763E-037   0.850018E-036
-13.440766   0.105903E-034  -0.266710E-036  -0.511293E-036   0.949896E-035
-13.254295   0.963476E-034  -0.242870E-035  -0.458737E-035   0.852669E-034
-13.076202   0.750410E-033  -0.189335E-034  -0.352576E-034   0.655654E-033
-12.903577   0.524995E-032  -0.132583E-033  -0.243497E-033   0.453024E-032
-12.734213   0.341793E-031  -0.863978E-033  -0.156513E-032   0.291330E-031
-12.566371   0.212724E-030  -0.538239E-032  -0.961710E-032   0.179098E-030
-12.398533   0.129434E-029  -0.327829E-031  -0.577616E-031   0.107623E-029
-12.229186   0.786521E-029  -0.199421E-030  -0.346348E-030   0.645669E-029
-12.056591   0.488580E-028  -0.124020E-029  -0.212186E-029   0.395785E-028
-11.878545   0.319195E-027  -0.811247E-029  -0.136604E-028   0.254961E-027
-11.692142   0.227380E-026  -0.578698E-028  -0.957824E-028   0.178892E-026
-11.493620   0.184796E-025  -0.471066E-027  -0.764957E-027   0.142980E-025
-11.278751   0.180089E-024  -0.459920E-026  -0.730911E-026   0.136740E-024
-11.045344   0.216060E-023  -0.553001E-025  -0.857414E-025   0.160576E-023
-10.799638   0.298527E-022  -0.766028E-024  -0.115551E-023   0.216668E-022
-10.558371   0.396164E-021  -0.101939E-022  -0.149429E-022   0.280564E-021
-10.334868   0.436320E-020  -0.112591E-021  -0.160466E-021   0.301696E-020
-10.130788   0.390153E-019  -0.100965E-020  -0.140045E-020   0.263656E-019
 -9.942129   0.294174E-018  -0.763462E-020  -0.103139E-019   0.194439E-018
 -9.764193   0.195465E-017  -0.508774E-019  -0.669641E-019   0.126417E-017
 -9.592902   0.118672E-016  -0.309830E-018  -0.397276E-018   0.751069E-017
 -9.424779   0.677285E-016  -0.177391E-017  -0.221492E-017   0.419373E-016
 -9.256667   0.371985E-015  -0.977596E-017  -0.118763E-016   0.225228E-015
 -9.085408   0.200873E-014  -0.529841E-016  -0.625490E-016   0.118827E-014
 -8.907530   0.109011E-013  -0.288694E-015  -0.330590E-015   0.629237E-014
 -8.718956   0.608964E-013  -0.161997E-014  -0.179497E-014   0.342383E-013
 -8.514995   0.358926E-012  -0.959718E-014  -0.102549E-013   0.196087E-012
 -8.291640   0.226182E-011  -0.608373E-013  -0.624237E-013   0.119704E-011
 -8.050490   0.147236E-010  -0.398726E-012  -0.391223E-012   0.752690E-011
 -7.804740   0.885141E-010  -0.241474E-011  -0.226119E-011   0.436613E-010
 -7.571192   0.439526E-009  -0.120801E-010  -0.108089E-010   0.209479E-009
 -7.356197   0.176801E-008  -0.489451E-010  -0.419563E-010   0.816074E-009
 -7.157581   0.598583E-008  -0.166881E-009  -0.137364E-009   0.268136E-008
 -6.971109   0.178383E-007  -0.500790E-009  -0.396417E-009   0.776572E-008
 -6.793016   0.484808E-007  -0.137058E-008  -0.104409E-008   0.205278E-007
 -6.620392   0.123284E-006  -0.351030E-008  -0.257341E-008   0.507857E-007
 -6.451028   0.298754E-006  -0.856966E-008  -0.604222E-008   0.119712E-006
 -6.283185   0.699216E-006  -0.202133E-007  -0.136907E-007   0.272388E-006
 -6.115348   0.159734E-005  -0.465599E-007  -0.302407E-007   0.604396E-006
 -5.946001   0.359545E-005  -0.105739E-006  -0.656968E-007   0.131955E-005
 -5.773406   0.805071E-005  -0.239081E-006  -0.141624E-006   0.286034E-005
 -5.595360   0.181278E-004  -0.544215E-006  -0.305955E-006   0.621828E-005
 -5.408957   0.415765E-004  -0.126373E-005  -0.669982E-006   0.137172E-004
 -5.210435   0.985615E-004  -0.303967E-005  -0.150602E-005   0.311091E-004
 -4.995566   0.244786E-003  -0.768295E-005  -0.351229E-005   0.733599E-004
 -4.762158   0.637245E-003  -0.204370E-004  -0.847514E-005   0.179554E-003
 -4.516453   0.167584E-002  -0.551630E-004  -0.203647E-004   0.439342E-003
 -4.275186   0.413673E-002  -0.140244E-003  -0.454175E-004   0.100158E-002
 -4.051682   0.912669E-002  -0.319300E-003  -0.898992E-004   0.203325E-002
 -3.847603   0.179995E-001  -0.650692E-003  -0.158101E-003   0.367962E-002
 -3.658944   0.323456E-001  -0.120998E-002  -0.251322E-003   0.604403E-002
 -3.481008   0.539385E-001  -0.209162E-002  -0.366501E-003   0.915708E-002
 -3.309717   0.845736E-001  -0.340722E-002  -0.494554E-003   0.129313E-001
 -3.141594   0.125791E+000  -0.527869E-002  -0.619219E-003   0.171121E-001
 -2.973481   0.178486E+000  -0.782434E-002  -0.717497E-003   0.212403E-001
 -2.802223   0.242424E+000  -0.111351E-001  -0.763103E-003   0.246468E-001
 -2.624344   0.315717E+000  -0.152347E-001  -0.734932E-003   0.265083E-001
 -2.435770   0.394314E+000  -0.200115E-001  -0.633492E-003   0.260119E-001
 -2.231809   0.471763E+000  -0.250962E-001  -0.508984E-003   0.227183E-001
 -2.008455   0.540050E+000  -0.296657E-001  -0.497132E-003   0.172504E-001
 -1.767305   0.593673E+000  -0.323443E-001  -0.809004E-003   0.120509E-001
 -1.521554   0.636780E+000  -0.318757E-001  -0.154814E-002   0.103921E-001
 -1.288007   0.681359E+000  -0.283758E-001  -0.250579E-002   0.129613E-001
 -1.073012   0.734612E+000  -0.230752E-001  -0.333459E-002   0.174108E-001
 -0.874395   0.795189E+000  -0.171944E-001  -0.379542E-002   0.210610E-001
 -0.687924   0.857367E+000  -0.115733E-001  -0.379160E-002   0.222516E-001
 -0.509831   0.914428E+000  -0.675040E-002  -0.332498E-002   0.203512E-001
 -0.337206   0.960199E+000  -0.307713E-002  -0.246074E-002   0.154950E-001
 -0.167843   0.989776E+000  -0.782563E-003  -0.130707E-002   0.836312E-002
  0.000000   0.100000E+001  -0.514564E-017  -0.112950E-005  -0.105068E-006
  0.167837   0.989777E+000  -0.773907E-003   0.130483E-002  -0.836311E-002
  0.337184   0.960204E+000  -0.306069E-002   0.245855E-002  -0.154945E-001
  0.509779   0.914444E+000  -0.672771E-002   0.332294E-002  -0.203503E-001
  0.687826   0.857401E+000  -0.115462E-001   0.378991E-002  -0.222514E-001
  0.874229   0.795246E+000  -0.171650E-001   0.379441E-002  -0.210633E-001
  1.072750   0.734690E+000  -0.230453E-001   0.333462E-002  -0.174166E-001
  1.287620   0.681450E+000  -0.283473E-001   0.250697E-002  -0.129685E-001
  1.521027   0.636878E+000  -0.318507E-001   0.154989E-002  -0.103935E-001
  1.766732   0.593790E+000  -0.323229E-001   0.810114E-003  -0.120413E-001
  2.008000   0.540184E+000  -0.296429E-001   0.497232E-003  -0.172378E-001
  2.231503   0.471887E+000  -0.250676E-001   0.508684E-003  -0.227109E-001
  2.435582   0.394404E+000  -0.199779E-001   0.633215E-003  -0.260099E-001
  2.624242   0.315769E+000  -0.151996E-001   0.734756E-003  -0.265090E-001
  2.802177   0.242447E+000  -0.111022E-001   0.762987E-003  -0.246477E-001
  2.973469   0.178493E+000  -0.779605E-002   0.717404E-003  -0.212406E-001
  3.141592   0.125794E+000  -0.525619E-002   0.619143E-003  -0.171121E-001
  3.309704   0.845779E-001  -0.339060E-002   0.494507E-003  -0.129316E-001
  3.480963   0.539469E-001  -0.208022E-002   0.366497E-003  -0.915809E-002
  3.658841   0.323574E-001  -0.120277E-002   0.251363E-003  -0.604575E-002
  3.847415   0.180121E-001  -0.646546E-003   0.158174E-003  -0.368178E-002
  4.051376   0.913771E-002  -0.317164E-003   0.899818E-004  -0.203538E-002
  4.274730   0.414435E-002  -0.139270E-003   0.454862E-004  -0.100322E-002
  4.515880   0.167977E-002  -0.547546E-004   0.204056E-004  -0.440278E-003
  4.761631   0.638688E-003  -0.202642E-004   0.849187E-005  -0.179928E-003
  4.995178   0.245217E-003  -0.760721E-005   0.351768E-005  -0.734792E-004
  5.210173   0.986824E-004  -0.300563E-005   0.150761E-005  -0.311442E-004
  5.408790   0.416097E-004  -0.124812E-005   0.670422E-006  -0.137272E-004
  5.595261   0.181366E-004  -0.536960E-006   0.306067E-006  -0.622095E-005
  5.773354   0.805289E-005  -0.235693E-006   0.141647E-006  -0.286099E-005
  5.945979   0.359594E-005  -0.104163E-006   0.656992E-007  -0.131968E-005
  6.115343   0.159744E-005  -0.458354E-007   0.302397E-007  -0.604409E-006
  6.283185   0.699246E-006  -0.198867E-007   0.136900E-007  -0.272389E-006
  6.451023   0.298773E-006  -0.842650E-008   0.604204E-008  -0.119715E-006
  6.620370   0.123303E-006  -0.344992E-008   0.257355E-008  -0.507911E-007
  6.792965   0.484965E-007  -0.134643E-008   0.104432E-008  -0.205333E-007
  6.971011   0.178493E-007  -0.491801E-009   0.396617E-009  -0.777004E-008
  7.157414   0.599231E-008  -0.163854E-009   0.137496E-009  -0.268407E-008
  7.355936   0.177118E-008  -0.480573E-010   0.420258E-010  -0.817468E-009
  7.570805   0.440760E-009  -0.118635E-010   0.108375E-010  -0.210044E-009
  7.804212   0.888665E-010  -0.237216E-011   0.226977E-011  -0.438294E-010
  8.049917   0.147913E-010  -0.391564E-012   0.392946E-012  -0.756044E-011
  8.291185   0.227098E-011  -0.596551E-013   0.626657E-013  -0.120174E-011
  8.514688   0.359994E-012  -0.939211E-014   0.102839E-013  -0.196650E-012
  8.718768   0.610147E-013  -0.158239E-014   0.179823E-014  -0.343019E-013
  8.907427   0.109133E-013  -0.281541E-015   0.330922E-015  -0.629894E-014
  9.085362   0.200980E-014  -0.516020E-016   0.625758E-016  -0.118882E-014
  9.256654   0.372053E-015  -0.951065E-017   0.118773E-016  -0.225255E-015
  9.424777   0.677329E-016  -0.172432E-017   0.221484E-017  -0.419374E-016
  9.592889   0.118695E-016  -0.300990E-018   0.397312E-018  -0.751163E-017
  9.764148   0.195579E-017  -0.494093E-019   0.669960E-019  -0.126482E-017
  9.942026   0.294551E-018  -0.741398E-020   0.103259E-019  -0.194672E-018
 10.130600   0.391064E-019  -0.980744E-021   0.140354E-020  -0.264247E-019
 10.334561   0.437965E-020  -0.109435E-021   0.161049E-021  -0.302800E-020
 10.557916   0.398315E-021  -0.991583E-023   0.150216E-022  -0.282052E-021
 10.799066   0.300479E-022  -0.745267E-024   0.116286E-023  -0.218055E-022
 11.044816   0.217359E-023  -0.537244E-025   0.862430E-025  -0.161521E-023
 11.278364   0.180896E-024  -0.445761E-026   0.734080E-026  -0.137337E-024
 11.493359   0.185354E-025  -0.455554E-027   0.767163E-027  -0.143397E-025
 11.691975   0.227813E-026  -0.558642E-028   0.959530E-028  -0.179215E-026
 11.878446   0.319555E-027  -0.782037E-029   0.136743E-028  -0.255226E-027
 12.056539   0.488881E-028  -0.119423E-029   0.212292E-029  -0.395994E-028
 12.229164   0.786756E-029  -0.191860E-030   0.346413E-030  -0.645807E-029
 12.398528   0.129451E-029  -0.315174E-031   0.577627E-031  -0.107628E-029
 12.566371   0.212743E-030  -0.517159E-032   0.961685E-032  -0.179098E-030
 12.734208   0.341840E-031  -0.829731E-033   0.156517E-032  -0.291344E-031
 12.903555   0.525161E-032  -0.127281E-033   0.243546E-033  -0.453126E-032
 13.076150   0.750909E-033  -0.181725E-034   0.352769E-034  -0.656029E-033
 13.254196   0.964681E-034  -0.233109E-035   0.459255E-035  -0.853653E-034
 13.440599   0.106133E-034  -0.256069E-036   0.512337E-036  -0.951860E-035
 13.639121   0.937504E-036  -0.225824E-037   0.459324E-037  -0.852938E-036
 13.853990   0.614593E-037  -0.147785E-038   0.306015E-038  -0.567950E-037
 14.087398   0.281245E-038  -0.675016E-040   0.142530E-039  -0.264380E-038
 14.333103   0.944776E-040  -0.226315E-041   0.487843E-041  -0.904375E-040
 14.574370   0.289462E-041  -0.692078E-043   0.152259E-042  -0.282104E-041
 14.797874   0.993611E-043  -0.237152E-044   0.531750E-044  -0.984727E-043
 15.001953   0.403648E-044  -0.961908E-046   0.219474E-045  -0.406253E-044
 15.190612   0.187956E-045  -0.447267E-047   0.103713E-046  -0.191898E-045
 15.368548   0.954451E-047  -0.226822E-048   0.534030E-048  -0.987738E-047
 15.539839   0.504848E-048  -0.119824E-049   0.286262E-049  -0.529284E-048
 15.707962   0.267206E-049  -0.633434E-051   0.153492E-050  -0.283706E-049
 15.876074   0.136289E-050  -0.322701E-052   0.792980E-052  -0.146523E-050
 16.047333   0.643885E-052  -0.152280E-053   0.379463E-053  -0.700933E-052
 16.225212   0.268998E-053  -0.635440E-055   0.160599E-054  -0.296564E-053
 16.413785   0.938069E-055  -0.221330E-056   0.567579E-056  -0.104777E-054
 16.617747   0.254945E-056  -0.600784E-058   0.156422E-057  -0.288668E-056
 16.841101   0.510426E-058  -0.120129E-059   0.317809E-059  -0.586311E-058
 17.082251   0.784348E-060  -0.184354E-061   0.495855E-061  -0.914480E-060
 17.328002   0.117203E-061  -0.275127E-063   0.752043E-063  -0.138652E-061
 17.561549   0.226860E-063  -0.531930E-065   0.147553E-064  -0.271965E-063
 17.776544   0.627788E-065  -0.147053E-066   0.413259E-066  -0.761524E-065
 17.975161   0.236467E-066  -0.553410E-068   0.157341E-067  -0.289876E-066
 18.161632   0.111516E-067  -0.260772E-069   0.749303E-069  -0.138022E-067
 18.339725   0.611312E-069  -0.142845E-070   0.414526E-070  -0.763427E-069
 18.512350   0.367495E-070  -0.858119E-072   0.251369E-071  -0.462869E-070
 18.681713   0.231576E-071  -0.540376E-073   0.159735E-072  -0.294090E-071
 18.849556   0.147478E-072  -0.343908E-074   0.102566E-073  -0.188808E-072
 19.017393   0.918598E-074  -0.214071E-075   0.644083E-075  -0.118549E-073
 19.186740   0.541028E-075  -0.126000E-076   0.382462E-076  -0.703852E-075
 19.359335   0.289498E-076  -0.673767E-078   0.206361E-077  -0.379716E-076
 19.537382   0.133623E-077  -0.310778E-079   0.960709E-079  -0.176751E-077
 19.723785   0.496123E-079  -0.115306E-080   0.359936E-080  -0.662110E-079
 19.922306   0.135006E-080  -0.313537E-082   0.989018E-082  -0.181903E-080
 20.137176   0.240726E-082  -0.558598E-084   0.178232E-083  -0.327754E-082
 20.370583   0.258592E-084  -0.599516E-086   0.193711E-085  -0.356154E-084
 20.616288   0.181448E-086  -0.420266E-088   0.137630E-087  -0.252996E-086
 20.857555   0.114616E-088  -0.265219E-090   0.880242E-090  -0.161779E-088
 21.081059   0.877270E-091  -0.202820E-092   0.681648E-092  -0.125259E-090
 21.285138   0.876690E-093  -0.202521E-094   0.688584E-094  -0.126514E-092
 21.473798   0.108784E-094  -0.251109E-096   0.863074E-096  -0.158550E-094
 21.651733   0.155611E-096  -0.358943E-098   0.124643E-097  -0.228945E-096
 21.823025   0.239909E-098  -0.553013E-100   0.193942E-099  -0.356190E-098
 21.991147   0.376190E-100  -0.866573E-102   0.306861E-101  -0.563507E-100
 22.159260   0.568667E-102  -0.130909E-103   0.468021E-103  -0.859355E-102
 22.330519   0.783982E-104  -0.180356E-105   0.651029E-105  -0.119525E-103
 22.508397   0.924456E-106  -0.212530E-107   0.774706E-107  -0.142215E-105
 22.696971   0.861611E-108  -0.197945E-109   0.728871E-109  -0.133785E-107
 22.900932   0.578366E-110  -0.132777E-111   0.494121E-111  -0.906858E-110
 23.124286   0.259549E-112  -0.595399E-114   0.224075E-113  -0.411192E-112
 23.365436   0.827263E-115  -0.189621E-116   0.722013E-116  -0.132477E-114
 23.611187   0.259763E-117  -0.594955E-119   0.229148E-118  -0.420398E-117
 23.844734   0.118725E-119  -0.271733E-121   0.105762E-120  -0.194011E-119
 24.059729   0.899008E-122  -0.205631E-123   0.807847E-123  -0.148178E-121
 24.258346   0.104968E-123  -0.239959E-125   0.950625E-125  -0.174352E-123
 24.444817   0.168129E-125  -0.384147E-127   0.153353E-126  -0.281241E-125
 24.622910   0.333338E-127  -0.761258E-129   0.306081E-128  -0.561294E-127
 24.795535   0.755094E-129  -0.172365E-130   0.697776E-130  -0.127951E-128
 24.964898   0.183741E-130  -0.419237E-132   0.170843E-131  -0.313254E-130
 25.132741   0.457064E-132  -0.104242E-133   0.427561E-133  -0.783918E-132
 25.300579   0.111217E-133  -0.253540E-135   0.104666E-134  -0.191889E-133
 25.469926   0.253051E-135  -0.576628E-137   0.239591E-136  -0.439229E-135
 25.642521   0.510605E-137  -0.116300E-138   0.486436E-138  -0.891701E-137
 25.820567   0.853342E-139  -0.194275E-140   0.818157E-140  -0.149970E-138
 26.006970   0.107784E-140  -0.245266E-142   0.104037E-141  -0.190690E-140
 26.205492   0.911221E-143  -0.207244E-144   0.885948E-144  -0.162374E-142
 26.420361   0.445936E-145  -0.101363E-146   0.437030E-146  -0.800919E-145
 26.653768   0.113549E-147  -0.257939E-149   0.112263E-148  -0.205721E-147
 26.899473   0.168117E-150  -0.381639E-152   0.167784E-151  -0.307437E-150
 27.140741   0.221106E-153  -0.501587E-155   0.222751E-154  -0.408121E-153
 27.364244   0.380771E-156  -0.863243E-158   0.387015E-157  -0.709030E-156
 27.568324   0.943700E-159  -0.213819E-160   0.967076E-160  -0.177160E-158
 27.756983   0.314372E-161  -0.711893E-163   0.324641E-162  -0.594678E-161
 27.934918   0.127553E-163  -0.288691E-165   0.132685E-164  -0.243037E-163
 28.106210   0.576944E-166  -0.130513E-167   0.604404E-167  -0.110702E-165
 28.274333   0.269705E-168  -0.609806E-170   0.284501E-169  -0.521060E-168
