 nmodes=            2  nfields=            2  max_plot=          289
 ky=   7.3644810493308935E-003   width=    1.000000000000000     
 theta     ((Re(field_i), Im(field_i),i=(1,nfields)),j=1,nmodes)
Tearing metric:  [   0.199707E+001   0.418085E-002   0.532423E-002   0.615408E-002 ]
DEP: [   0.101627E-003   0.172907E-005   0.000000E+000   0.000000E+000]
chi_th: [  -0.360826E+002   0.111524E+000   0.000000E+000   0.000000E+000]
chi_i: [  -0.172148E+003  -0.641116E+000   0.000000E+000   0.000000E+000]
chi_i_cond: [  -0.728265E+002  -0.261625E+000   0.000000E+000   0.000000E+000]
chi_e: [  -0.188559E+002   0.145498E+001   0.000000E+000   0.000000E+000]
chi_e_cond: [   0.173179E+001   0.495544E+000   0.000000E+000   0.000000E+000]
i_QL_cond_flux: [  -0.749480E-004  -0.269247E-006   0.000000E+000   0.000000E+000]
e_QL_cond_flux: [   0.173179E-005   0.495544E-006   0.000000E+000   0.000000E+000]
QL_ratio: [   0.121959E+003   0.173689E+004             NaN             NaN]
EP QL convective fraction: [   0.139466E+001   0.463788E+000             NaN             NaN]
<theta^2>: [   0.521402E+001   0.111040E+001   0.774734E+001   0.245222E+001]
 Mode kept T/F for each mode:    F  T  F  F
 Theta      Re(phi)        Im(phi)        Re(B_per)        Im(B_per)
-28.274315   0.101157E-168  -0.118897E-170  -0.107621E-170   0.444905E-169
-28.114853   0.795772E-167  -0.935122E-169  -0.841922E-169   0.348049E-167
-27.952077   0.790042E-165  -0.928183E-167  -0.830918E-167   0.343499E-165
-27.781927   0.132772E-162  -0.155949E-164  -0.138710E-164   0.573420E-163
-27.598611   0.553066E-160  -0.649417E-162  -0.573197E-162   0.236956E-160
-27.392524   0.992092E-157  -0.116450E-158  -0.101785E-158   0.420773E-157
-27.146111   0.174431E-152  -0.204644E-154  -0.176558E-154   0.729870E-153
-26.839372   0.438896E-147  -0.514595E-149  -0.436434E-149   0.180415E-147
-26.532178   0.249424E-142  -0.292282E-144  -0.244048E-144   0.100885E-142
-26.291205   0.162868E-139  -0.190789E-141  -0.157799E-141   0.652308E-140
-26.094100   0.700625E-138  -0.820579E-140  -0.674899E-140   0.278989E-138
-25.920470   0.782814E-137  -0.916727E-139  -0.751247E-139   0.310548E-137
-25.759064   0.491138E-136  -0.575100E-138  -0.469980E-138   0.194279E-136
-25.603040   0.275332E-135  -0.322373E-137  -0.262757E-137   0.108617E-135
-25.447930   0.182156E-134  -0.213257E-136  -0.173317E-136   0.716451E-135
-25.291240   0.159093E-133  -0.186235E-135  -0.150852E-135   0.623582E-134
-25.132741   0.170893E-132  -0.200023E-134  -0.161424E-134   0.667283E-133
-24.974201   0.182004E-131  -0.213002E-133  -0.171263E-133   0.707953E-132
-24.817434   0.155345E-130  -0.181782E-132  -0.145667E-132   0.602146E-131
-24.662299   0.994622E-130  -0.116378E-131  -0.929821E-132   0.384361E-130
-24.506372   0.535265E-129  -0.626242E-131  -0.499004E-131   0.206273E-129
-24.345254   0.317562E-128  -0.371502E-130  -0.295176E-130   0.122017E-128
-24.172194   0.322737E-127  -0.377509E-129  -0.298825E-129   0.123525E-127
-23.976115   0.114165E-125  -0.133515E-127  -0.105072E-127   0.434333E-126
-23.736951   0.471347E-123  -0.551062E-125  -0.429346E-125   0.177476E-123
-23.431994   0.956943E-119  -0.111819E-120  -0.856548E-121   0.354062E-119
-23.123211   0.598256E-114  -0.698647E-116  -0.524761E-116   0.216912E-114
-22.875101   0.270086E-110  -0.315264E-112  -0.233146E-112   0.963707E-111
-22.668019   0.142718E-107  -0.166533E-109  -0.121696E-109   0.503024E-108
-22.484110   0.198785E-105  -0.231893E-107  -0.167838E-107   0.693747E-106
-22.313611   0.122190E-103  -0.142509E-105  -0.102306E-105   0.422869E-104
-22.150649   0.464951E-102  -0.542159E-104  -0.386364E-104   0.159699E-102
-21.991130   0.140274E-100  -0.163537E-102  -0.115733E-102   0.478365E-101
-21.831668   0.412459E-099  -0.480770E-101  -0.337855E-101   0.139646E-099
-21.668891   0.144355E-097  -0.168229E-099  -0.117338E-099   0.484990E-098
-21.498741   0.753339E-096  -0.877738E-098  -0.607037E-098   0.250904E-096
-21.315426   0.783993E-094  -0.913217E-096  -0.625187E-096   0.258404E-094
-21.109338   0.247180E-091  -0.287830E-093  -0.194522E-093   0.803993E-092
-20.862925   0.437583E-088  -0.509331E-090  -0.338308E-090   0.139826E-088
-20.556186   0.566255E-084  -0.658749E-086  -0.427660E-086   0.176753E-084
-20.248993   0.225534E-080  -0.262251E-082  -0.166719E-082   0.689038E-081
-20.008019   0.298909E-078  -0.347476E-080  -0.218085E-080   0.901318E-079
-19.810915   0.505861E-077  -0.587960E-079  -0.366234E-079   0.151358E-077
-19.637284   0.309728E-076  -0.359958E-078  -0.223114E-078   0.922085E-077
-19.475879   0.122769E-075  -0.142668E-077  -0.880970E-078   0.364086E-076
-19.319855   0.446678E-075  -0.519042E-077  -0.319365E-077   0.131986E-075
-19.164745   0.183737E-074  -0.213486E-076  -0.130841E-076   0.540735E-075
-19.008055   0.928755E-074  -0.107903E-075  -0.658315E-076   0.272064E-074
-18.849556   0.546799E-073  -0.635212E-075  -0.385596E-075   0.159356E-073
-18.691016   0.319126E-072  -0.370689E-074  -0.223886E-074   0.925250E-073
-18.534249   0.157585E-071  -0.183030E-073  -0.110035E-073   0.454736E-072
-18.379113   0.627172E-071  -0.728388E-073  -0.436130E-073   0.180237E-071
-18.223186   0.219065E-070  -0.254401E-072  -0.151765E-072   0.627186E-071
-18.062068   0.821576E-070  -0.954029E-072  -0.566903E-072   0.234278E-070
-17.889009   0.458524E-069  -0.532395E-071  -0.314732E-071   0.130065E-069
-17.692930   0.642236E-068  -0.745597E-070  -0.437243E-070   0.180692E-068
-17.453766   0.547280E-066  -0.635203E-068  -0.367385E-068   0.151820E-066
-17.148809   0.796325E-063  -0.923893E-065  -0.521902E-065   0.215666E-063
-16.840026   0.249896E-059  -0.289804E-061  -0.159266E-061   0.658110E-060
-16.591916   0.110578E-056  -0.128197E-058  -0.689241E-059   0.284795E-057
-16.384833   0.100945E-054  -0.117002E-056  -0.618490E-057   0.255553E-055
-16.200925   0.347312E-053  -0.402487E-055  -0.209865E-055   0.867119E-054
-16.030426   0.657576E-052  -0.761933E-054  -0.392667E-054   0.162238E-052
-15.867464   0.876445E-051  -0.101541E-052  -0.517808E-053   0.213939E-051
-15.707944   0.982930E-050  -0.113865E-051  -0.574842E-052   0.237498E-050
-15.548483   0.107455E-048  -0.124466E-050  -0.622000E-051   0.256977E-049
-15.385706   0.131813E-047  -0.152662E-049  -0.754641E-050   0.311771E-048
-15.215556   0.212193E-046  -0.245727E-048  -0.119974E-048   0.495644E-047
-15.032241   0.547233E-045  -0.633630E-047  -0.304789E-047   0.125913E-045
-14.826153   0.300054E-043  -0.347373E-045  -0.163945E-045   0.677252E-044
-14.579740   0.527027E-041  -0.610027E-043  -0.280593E-043   0.115905E-041
-14.273001   0.343692E-038  -0.397741E-040  -0.176768E-040   0.730118E-039
-13.965807   0.940768E-036  -0.108857E-037  -0.468603E-038   0.193533E-036
-13.724834   0.249941E-034  -0.289194E-036  -0.122063E-036   0.504094E-035
-13.527729   0.165159E-033  -0.191093E-035  -0.797173E-036   0.329202E-034
-13.354099   0.551409E-033  -0.637983E-035  -0.264121E-035   0.109069E-033
-13.192694   0.137555E-032  -0.159151E-034  -0.655017E-035   0.270486E-033
-13.036669   0.323630E-032  -0.374437E-034  -0.153252E-034   0.632836E-033
-12.881560   0.824318E-032  -0.953725E-034  -0.387954E-034   0.160197E-032
-12.724869   0.240011E-031  -0.277688E-033  -0.112155E-033   0.463108E-032
-12.566371   0.770374E-031  -0.891311E-033  -0.357154E-033   0.147472E-031
-12.407830   0.245056E-030  -0.283527E-032  -0.112708E-032   0.465369E-031
-12.251064   0.696594E-030  -0.805956E-032  -0.318049E-032   0.131318E-030
-12.095928   0.171573E-029  -0.198511E-031  -0.778369E-032   0.321371E-030
-11.940001   0.387388E-029  -0.448214E-031  -0.174719E-031   0.721358E-030
-11.778883   0.914411E-029  -0.105800E-030  -0.409845E-031   0.169208E-029
-11.605824   0.278633E-028  -0.322392E-030  -0.123862E-030   0.511357E-029
-11.409745   0.153122E-027  -0.177176E-029  -0.671978E-030   0.277409E-028
-11.170580   0.264988E-026  -0.306639E-028  -0.113724E-028   0.469438E-027
-10.865624   0.268487E-024  -0.310750E-026  -0.110876E-026   0.457604E-025
-10.556841   0.408082E-022  -0.472477E-024  -0.161004E-024   0.664339E-023
-10.308731   0.171727E-020  -0.198896E-022  -0.652906E-023   0.269348E-021
-10.101648   0.264294E-019  -0.306209E-021  -0.976138E-022   0.402622E-020
 -9.917740   0.220063E-018  -0.255041E-020  -0.793711E-021   0.327326E-019
 -9.747241   0.126039E-017  -0.146114E-019  -0.445381E-020   0.183649E-018
 -9.584279   0.578664E-017  -0.671021E-019  -0.200710E-019   0.827494E-018
 -9.424759   0.237326E-016  -0.275283E-018  -0.808555E-019   0.333308E-017
 -9.265297   0.948393E-016  -0.110042E-017  -0.317267E-018   0.130766E-016
 -9.102521   0.400222E-015  -0.464545E-017  -0.131269E-017   0.540951E-016
 -8.932371   0.194454E-014  -0.225806E-016  -0.623501E-017   0.256887E-015
 -8.749055   0.120943E-013  -0.140523E-015  -0.377229E-016   0.155379E-014
 -8.542968   0.111228E-012  -0.129340E-014  -0.334711E-015   0.137812E-013
 -8.296555   0.184040E-011  -0.214273E-013  -0.527018E-014   0.216859E-012
 -7.989816   0.561190E-010  -0.654640E-012  -0.150071E-012   0.616897E-011
 -7.682622   0.978512E-009  -0.114385E-010  -0.244934E-011   0.100565E-009
 -7.441649   0.495610E-008  -0.580188E-010  -0.118936E-010   0.487894E-009
 -7.244544   0.123944E-007  -0.145229E-009  -0.289913E-010   0.118856E-008
 -7.070914   0.220978E-007  -0.259087E-009  -0.508201E-010   0.208259E-008
 -6.909508   0.341302E-007  -0.400358E-009  -0.774662E-010   0.317345E-008
 -6.753484   0.511131E-007  -0.599857E-009  -0.114564E-009   0.469159E-008
 -6.598375   0.792003E-007  -0.929982E-009  -0.175045E-009   0.716556E-008
 -6.441684   0.130077E-006  -0.152836E-008  -0.282807E-009   0.115712E-007
 -6.283185   0.222290E-006  -0.261372E-008  -0.474464E-009   0.194018E-007
 -6.124645   0.376080E-006  -0.442532E-008  -0.787738E-009   0.321922E-007
 -5.967878   0.601431E-006  -0.708200E-008  -0.123790E-008   0.505578E-007
 -5.812743   0.898144E-006  -0.105825E-007  -0.182016E-008   0.742964E-007
 -5.656816   0.128604E-005  -0.151618E-007  -0.256914E-008   0.104811E-006
 -5.495698   0.187129E-005  -0.220758E-007  -0.368087E-008   0.150071E-006
 -5.322638   0.302734E-005  -0.357444E-007  -0.583299E-008   0.237606E-006
 -5.126559   0.623916E-005  -0.737678E-007  -0.116314E-007   0.473084E-006
 -4.887395   0.201856E-004  -0.239247E-006  -0.354641E-007   0.143790E-005
 -4.582438   0.121672E-003  -0.144829E-005  -0.191599E-006   0.771001E-005
 -4.273655   0.722316E-003  -0.863596E-005  -0.984410E-006   0.390339E-004
 -4.025545   0.236214E-002  -0.282847E-004  -0.282093E-005   0.109586E-003
 -3.818463   0.512603E-002  -0.612596E-004  -0.545717E-005   0.206542E-003
 -3.634555   0.878441E-002  -0.104384E-003  -0.843978E-005   0.309110E-003
 -3.464055   0.130683E-001  -0.153740E-003  -0.114215E-004   0.401099E-003
 -3.301093   0.177922E-001  -0.206021E-003  -0.142093E-004   0.471911E-003
 -3.141574   0.228579E-001  -0.258185E-003  -0.167168E-004   0.513289E-003
 -2.982112   0.282002E-001  -0.305795E-003  -0.189270E-004   0.515897E-003
 -2.819335   0.336925E-001  -0.339448E-003  -0.209456E-004   0.468162E-003
 -2.649185   0.390243E-001  -0.336896E-003  -0.233542E-004   0.364181E-003
 -2.465870   0.437859E-001  -0.245552E-003  -0.286413E-004   0.249852E-003
 -2.259782   0.496011E-001   0.497651E-004  -0.465043E-004   0.420828E-003
 -2.013370   0.753223E-001   0.724825E-003  -0.109803E-003   0.209064E-002
 -1.706630   0.211988E+000   0.155740E-002  -0.269873E-003   0.757943E-002
 -1.399437   0.486312E+000   0.149149E-002  -0.393234E-003   0.124983E-001
 -1.158463   0.691117E+000   0.102188E-002  -0.385215E-003   0.126946E-001
 -0.961359   0.803939E+000   0.683446E-003  -0.338734E-003   0.113163E-001
 -0.787729   0.867710E+000   0.473256E-003  -0.292339E-003   0.983057E-002
 -0.626323   0.909640E+000   0.328531E-003  -0.249064E-003   0.840870E-002
 -0.470299   0.942700E+000   0.211015E-003  -0.202926E-003   0.687165E-002
 -0.315189   0.970943E+000   0.108315E-003  -0.147239E-003   0.499894E-002
 -0.158499   0.991958E+000   0.304483E-004  -0.784740E-004   0.267089E-002
  0.000000   0.100000E+001  -0.165232E-016   0.214929E-006  -0.288424E-005
  0.158540   0.991918E+000   0.294626E-004   0.789115E-004  -0.267711E-002
  0.315307   0.970857E+000   0.106490E-003   0.147683E-003  -0.500586E-002
  0.470443   0.942577E+000   0.208474E-003   0.203342E-003  -0.687831E-002
  0.626370   0.909511E+000   0.325273E-003   0.249415E-003  -0.841389E-002
  0.787488   0.867642E+000   0.469054E-003   0.292569E-003  -0.983269E-002
  0.960547   0.804146E+000   0.677507E-003   0.338739E-003  -0.113128E-001
  1.156626   0.692274E+000   0.101238E-002   0.384975E-003  -0.126872E-001
  1.395790   0.489786E+000   0.147867E-002   0.393735E-003  -0.125268E-001
  1.700747   0.216172E+000   0.156180E-002   0.273022E-003  -0.770277E-002
  2.009530   0.761262E-001   0.739772E-003   0.111185E-003  -0.213748E-002
  2.257640   0.496827E-001   0.602288E-004   0.467152E-004  -0.425764E-003
  2.464723   0.438111E-001  -0.237491E-003   0.286491E-004  -0.249181E-003
  2.648631   0.390404E-001  -0.329941E-003   0.233524E-004  -0.363857E-003
  2.819130   0.336990E-001  -0.333358E-003   0.209530E-004  -0.468308E-003
  2.982092   0.282000E-001  -0.300583E-003   0.189392E-004  -0.516182E-003
  3.141612   0.228553E-001  -0.253885E-003   0.167304E-004  -0.513559E-003
  3.301073   0.177913E-001  -0.202649E-003   0.142233E-004  -0.472157E-003
  3.463850   0.130727E-001  -0.151290E-003   0.114368E-004  -0.401394E-003
  3.634000   0.879631E-002  -0.102819E-003   0.845838E-005  -0.309570E-003
  3.817315   0.514539E-002  -0.604746E-004   0.548061E-005  -0.207264E-003
  4.023403   0.238426E-002  -0.280675E-004   0.284719E-005  -0.110512E-003
  4.269816   0.737985E-003  -0.866891E-005   0.100484E-005  -0.398101E-004
  4.576555   0.126111E-003  -0.147343E-005   0.198322E-006  -0.797459E-005
  4.883748   0.206081E-004  -0.239493E-006   0.362066E-007  -0.146716E-005
  5.124722   0.628720E-005  -0.728380E-007   0.117299E-007  -0.476852E-006
  5.321827   0.303378E-005  -0.350849E-007   0.585143E-008  -0.238244E-006
  5.495457   0.187148E-005  -0.216192E-007   0.368536E-008  -0.150185E-006
  5.656862   0.128526E-005  -0.148349E-007   0.257055E-008  -0.104820E-006
  5.812887   0.897403E-006  -0.103502E-007   0.182077E-008  -0.742877E-007
  5.967996   0.600959E-006  -0.692541E-008   0.123836E-008  -0.505542E-007
  6.124687   0.375860E-006  -0.432733E-008   0.788184E-009  -0.321963E-007
  6.283185   0.222182E-006  -0.255544E-008   0.474779E-009  -0.194063E-007
  6.441725   0.129998E-006  -0.149371E-008   0.282960E-009  -0.115725E-007
  6.598492   0.791327E-007  -0.908462E-009   0.175099E-009  -0.716475E-008
  6.753628   0.510656E-007  -0.585810E-009   0.114591E-009  -0.469074E-008
  6.909555   0.341061E-007  -0.390996E-009   0.775013E-010  -0.317358E-008
  7.070673   0.220998E-007  -0.253181E-009   0.508826E-010  -0.208430E-008
  7.243732   0.124262E-007  -0.142232E-009   0.290967E-010  -0.119240E-008
  7.439811   0.500541E-008  -0.572170E-010   0.120225E-010  -0.492984E-009
  7.678976   0.100807E-008  -0.114987E-010   0.252437E-011  -0.103605E-009
  7.983932   0.597007E-010  -0.678769E-012   0.159624E-012  -0.655914E-011
  8.292715   0.192776E-011  -0.218453E-013   0.552218E-014  -0.227149E-012
  8.540825   0.113981E-012  -0.128863E-014   0.343273E-015  -0.141291E-013
  8.747908   0.122349E-013  -0.138099E-015   0.382016E-016  -0.157301E-014
  8.931816   0.195351E-014  -0.220228E-016   0.627116E-017  -0.258298E-015
  9.102315   0.400602E-015  -0.451169E-017   0.131557E-017  -0.541977E-016
  9.265277   0.947613E-016  -0.106632E-017   0.317412E-018  -0.130787E-016
  9.424797   0.237001E-016  -0.266483E-018   0.808494E-019  -0.333187E-017
  9.584259   0.578168E-017  -0.649600E-019   0.200799E-019  -0.827626E-018
  9.747035   0.126167E-017  -0.141645E-019   0.446408E-020  -0.184021E-018
  9.917185   0.221203E-018  -0.248131E-020   0.798824E-021  -0.329345E-019
 10.100501   0.267934E-019  -0.300262E-021   0.990751E-022  -0.408540E-020
 10.306588   0.177118E-020  -0.198259E-022   0.674096E-023  -0.278017E-021
 10.553001   0.435050E-022  -0.486273E-024   0.171775E-024  -0.708603E-023
 10.859740   0.295480E-024  -0.329689E-026   0.122094E-026  -0.503779E-025
 11.166934   0.278896E-026  -0.310726E-028   0.119817E-028  -0.494472E-027
 11.407907   0.155919E-027  -0.173566E-029   0.685158E-030  -0.282786E-028
 11.605012   0.279971E-028  -0.311507E-030   0.124635E-030  -0.514436E-029
 11.778642   0.914473E-029  -0.101717E-030   0.410481E-031  -0.169433E-029
 11.940048   0.386796E-029  -0.430133E-031   0.174714E-031  -0.721178E-030
 12.096072   0.171228E-029  -0.190371E-031   0.777976E-032  -0.321138E-030
 12.251181   0.695272E-030  -0.772820E-032   0.317926E-032  -0.131239E-030
 12.407872   0.244704E-030  -0.271924E-032   0.112717E-032  -0.465305E-031
 12.566371   0.769450E-031  -0.854789E-033   0.357269E-033  -0.147488E-031
 12.724911   0.239660E-031  -0.266163E-033   0.112163E-033  -0.463042E-032
 12.881678   0.822703E-032  -0.913443E-034   0.387791E-034  -0.160096E-032
 13.036813   0.322949E-032  -0.358487E-034   0.153167E-034  -0.632351E-033
 13.192740   0.137332E-032  -0.152414E-034   0.654973E-035  -0.270411E-033
 13.353858   0.551446E-033  -0.611873E-035   0.264548E-035  -0.109223E-033
 13.526918   0.166019E-033  -0.184160E-035   0.802545E-036  -0.331352E-034
 13.722996   0.255026E-034  -0.282773E-036   0.124727E-036  -0.514987E-035
 13.962161   0.998329E-036  -0.110616E-037   0.497890E-038  -0.205587E-036
 14.267118   0.387268E-038  -0.428604E-040   0.199373E-040  -0.823320E-039
 14.575901   0.574591E-041  -0.635123E-043   0.306290E-043  -0.126496E-041
 14.824011   0.313688E-043  -0.346406E-045   0.171648E-045  -0.708941E-044
 15.031093   0.558631E-045  -0.616467E-047   0.311642E-047  -0.128721E-045
 15.215001   0.213912E-046  -0.235930E-048   0.121151E-048  -0.500421E-047
 15.385500   0.132023E-047  -0.145547E-049   0.757168E-050  -0.312760E-048
 15.548462   0.107295E-048  -0.118238E-050   0.622179E-051  -0.257006E-049
 15.707982   0.980554E-050  -0.108016E-051   0.574483E-052  -0.237310E-050
 15.867444   0.875112E-051  -0.963649E-053   0.517954E-053  -0.213963E-051
 16.030221   0.658668E-052  -0.725026E-054   0.394030E-054  -0.162774E-052
 16.200370   0.350317E-053  -0.385444E-055   0.212062E-055  -0.876049E-054
 16.383686   0.103260E-054  -0.113556E-056   0.633789E-057  -0.261832E-055
 16.589774   0.116328E-056  -0.127848E-058   0.726304E-059  -0.300061E-057
 16.836186   0.277135E-059  -0.304332E-061   0.176898E-061  -0.730853E-060
 17.142926   0.927210E-063  -0.101715E-064   0.608556E-065  -0.251436E-063
 17.450119   0.592896E-066  -0.649820E-068   0.398697E-068  -0.164735E-066
 17.691093   0.660518E-068  -0.723546E-070   0.450555E-070  -0.186166E-068
 17.888197   0.461912E-069  -0.505831E-071   0.317693E-071  -0.131270E-069
 18.061827   0.821632E-070  -0.899575E-072   0.568095E-072  -0.234737E-070
 18.223233   0.218542E-070  -0.239238E-072   0.151713E-072  -0.626882E-071
 18.379257   0.625214E-071  -0.684322E-073   0.435664E-073  -0.180018E-071
 18.534367   0.157121E-071  -0.171949E-073   0.109938E-073  -0.454271E-072
 18.691057   0.318415E-072  -0.348401E-074   0.223850E-074  -0.924969E-073
 18.849556   0.545781E-073  -0.597061E-075   0.385678E-075  -0.159367E-073
 19.008096   0.926665E-074  -0.101353E-075   0.658205E-076  -0.271980E-074
 19.164863   0.183186E-074  -0.200323E-076   0.130723E-076  -0.540169E-075
 19.319999   0.445244E-075  -0.486820E-077   0.319010E-077  -0.131821E-075
 19.475926   0.122465E-075  -0.133882E-077   0.880646E-078  -0.363901E-076
 19.637044   0.309749E-076  -0.338575E-078   0.223600E-078  -0.923965E-077
 19.810103   0.509803E-077  -0.557139E-079   0.369862E-079  -0.152837E-077
 20.006182   0.308036E-078  -0.336537E-080   0.225206E-080  -0.930617E-079
 20.245346   0.246322E-080  -0.268977E-082   0.182436E-082  -0.753892E-081
 20.550303   0.674815E-084  -0.736267E-086   0.510541E-086  -0.210979E-084
 20.859086   0.496111E-088  -0.540784E-090   0.384300E-090  -0.158815E-088
 21.107196   0.263521E-091  -0.287043E-093   0.207822E-093  -0.858853E-092
 21.314278   0.807470E-094  -0.879073E-096   0.645346E-096  -0.266703E-094
 21.498187   0.762034E-096  -0.829253E-098   0.615453E-098  -0.254351E-096
 21.668686   0.144679E-097  -0.157384E-099   0.117875E-099  -0.487153E-098
 21.831648   0.411581E-099  -0.447584E-101   0.337930E-101  -0.139660E-099
 21.991168   0.139793E-100  -0.151976E-102   0.115610E-102  -0.477798E-101
 22.150629   0.463945E-102  -0.504228E-104   0.386450E-104  -0.159715E-102
 22.313406   0.122472E-103  -0.133064E-105   0.102787E-105  -0.424810E-104
 22.483556   0.201189E-105  -0.218512E-107   0.170275E-107  -0.703735E-106
 22.666871   0.147292E-107  -0.159908E-109   0.125895E-109  -0.520320E-108
 22.872959   0.289734E-110  -0.314387E-112   0.250689E-112  -0.103610E-110
 23.119372   0.689844E-114  -0.748032E-116   0.606448E-116  -0.250649E-114
 23.426111   0.117811E-118  -0.127636E-120   0.105680E-120  -0.436788E-119
 23.733304   0.525455E-123  -0.568834E-125   0.479780E-125  -0.198302E-123
 23.974278   0.118580E-125  -0.128310E-127   0.109413E-127  -0.452229E-126
 24.171382   0.325954E-127  -0.352603E-129   0.302591E-129  -0.125068E-127
 24.345013   0.317586E-128  -0.343491E-130   0.295975E-130  -0.122334E-128
 24.506418   0.533538E-129  -0.576982E-131   0.498710E-131  -0.206130E-129
 24.662443   0.990432E-130  -0.107094E-131   0.928361E-132  -0.383716E-130
 24.817552   0.154729E-130  -0.167284E-132   0.145476E-132  -0.601290E-131
 24.974242   0.181458E-131  -0.196150E-133   0.171204E-133  -0.707634E-132
 25.132741   0.170464E-132  -0.184235E-134   0.161450E-134  -0.667319E-133
 25.291281   0.158612E-133  -0.171395E-135   0.150799E-135  -0.623298E-134
 25.448048   0.181424E-134  -0.196014E-136   0.173086E-136  -0.715418E-135
 25.603184   0.274148E-135  -0.296155E-137   0.262334E-137  -0.108431E-135
 25.759111   0.489511E-136  -0.528741E-138   0.469692E-138  -0.194139E-136
 25.920229   0.782874E-137  -0.845502E-139   0.753340E-139  -0.311381E-137
 26.093288   0.707891E-138  -0.764389E-140   0.683742E-140  -0.282615E-138
 26.289367   0.169505E-139  -0.182985E-141   0.164669E-141  -0.680636E-140
 26.528532   0.280309E-142  -0.302464E-144   0.274975E-144  -0.113658E-142
 26.833488   0.552961E-147  -0.596215E-149   0.551212E-149  -0.227840E-147
 27.142271   0.205601E-152  -0.221495E-154   0.208652E-154  -0.862459E-153
 27.390381   0.107846E-156  -0.116107E-158   0.110953E-158  -0.458625E-157
 27.597464   0.574689E-160  -0.618401E-162   0.597308E-162  -0.246899E-160
 27.781372   0.134761E-162  -0.144955E-164   0.141198E-164  -0.583649E-163
 27.951871   0.792327E-165  -0.851975E-167   0.835773E-167  -0.345473E-165
 28.114833   0.793573E-167  -0.853063E-169   0.842086E-169  -0.348084E-167
 28.274353   0.100709E-168  -0.108228E-170   0.107464E-170  -0.444211E-169
