1 2 2.8124550711658354
2 7 0.937306345503666
3 12 0.2343647286095614
4 17 0.17577419019537344
5 22 0.07812337719031348
6 28 0.07812417809688005
7 33 0.019528016585842838
8 38 0.019524867160832134
9 43 0.019524422944828423
10 48 0.019528153272448317
11 54 0.039061957733348265
12 59 0.058593327647120046
13 64 0.07812459309473797
14 69 0.23437101346936792
15 74 0.4687127930318398
16 80 0.7031065999220021
17 85 1.2498941320770807
18 90 2.1093689990055577
19 95 7.968680108910638
20 101 0.31249911429597316
