 nmodes=            1  nfields=            2  max_plot=          289
 ky=   0.1550322154282181        width=    1.755102040816326     
 theta     ((Re(field_i), Im(field_i),i=(1,nfields)),j=1,nmodes)
Tearing metric:  [   0.199118E-003   0.199766E+001   0.199747E+001   0.199806E+001 ]
DEP: [   0.129619E-001   0.000000E+000   0.000000E+000   0.000000E+000]
chi_th: [   0.658593E+002   0.000000E+000   0.000000E+000   0.000000E+000]
chi_i: [  -0.324816E+004   0.000000E+000   0.000000E+000   0.000000E+000]
chi_i_cond: [  -0.212763E+004   0.000000E+000   0.000000E+000   0.000000E+000]
chi_e: [   0.583560E+004   0.000000E+000   0.000000E+000   0.000000E+000]
chi_e_cond: [   0.132393E+004   0.000000E+000   0.000000E+000   0.000000E+000]
i_QL_cond_flux: [  -0.122030E-002   0.000000E+000   0.000000E+000   0.000000E+000]
e_QL_cond_flux: [   0.132393E-002   0.000000E+000   0.000000E+000   0.000000E+000]
QL_ratio: [   0.477414E+002             NaN             NaN             NaN]
EP QL convective fraction: [   0.118502E+001             NaN             NaN             NaN]
<theta^2>: [   0.549809E+001   0.177124E+002   0.174924E+002   0.126040E+002]
 Mode kept T/F for each mode:    T  F  F  F
 Theta      Re(phi)        Im(phi)        Re(B_per)        Im(B_per)
-28.274335   0.306702E-052  -0.260078E-053  -0.424054E-053   0.252359E-052
-28.108890   0.161176E-051  -0.136676E-052  -0.221342E-052   0.131738E-051
-27.940583   0.856615E-051  -0.726404E-052  -0.116828E-051   0.695415E-051
-27.766268   0.471442E-050  -0.399782E-051  -0.638383E-051   0.380041E-050
-27.582267   0.275753E-049  -0.233840E-050  -0.370600E-050   0.220654E-049
-27.384236   0.176330E-048  -0.149530E-049  -0.235085E-049   0.139988E-048
-27.167769   0.126251E-047  -0.107062E-048  -0.166866E-048   0.993804E-048
-26.931499   0.100601E-046  -0.853116E-048  -0.131733E-047   0.784694E-047
-26.683522   0.822451E-046  -0.697462E-047  -0.106668E-046   0.635501E-046
-26.440986   0.601157E-045  -0.509803E-046  -0.772480E-046   0.460304E-045
-26.215870   0.362960E-044  -0.307805E-045  -0.462439E-045   0.275602E-044
-26.009451   0.182288E-043  -0.154589E-044  -0.230448E-044   0.137362E-043
-25.818236   0.791497E-043  -0.671230E-044  -0.993441E-044   0.592237E-043
-25.638166   0.308747E-042  -0.261834E-043  -0.384910E-043   0.229494E-042
-25.465749   0.111668E-041  -0.947012E-043  -0.138317E-042   0.824790E-042
-25.298099   0.384264E-041  -0.325880E-042  -0.472975E-042   0.282074E-041
-25.132741   0.128613E-040  -0.109072E-041  -0.157320E-041   0.938346E-041
-24.967392   0.427227E-040  -0.362319E-041  -0.519314E-041   0.309789E-040
-24.799769   0.143643E-039  -0.121820E-040  -0.173486E-040   0.103504E-039
-24.627398   0.498945E-039  -0.423144E-040  -0.598588E-040   0.357178E-039
-24.447397   0.183189E-038  -0.155359E-039  -0.218221E-039   0.130233E-038
-24.256278   0.730286E-038  -0.619345E-039  -0.863318E-039   0.515307E-038
-24.049987   0.326151E-037  -0.276605E-038  -0.382335E-038   0.228255E-037
-23.825026   0.167987E-036  -0.142469E-037  -0.195086E-037   0.116491E-036
-23.582616   0.996243E-036  -0.844913E-037  -0.114499E-036   0.683868E-036
-23.334603   0.629876E-035  -0.534200E-036  -0.715996E-036   0.427754E-035
-23.098174   0.375732E-034  -0.318662E-035  -0.422473E-035   0.252462E-034
-22.881553   0.197881E-033  -0.167826E-034  -0.220204E-034   0.131623E-033
-22.683403   0.920653E-033  -0.780821E-034  -0.101453E-033   0.606563E-033
-22.499317   0.387929E-032  -0.329011E-033  -0.423512E-033   0.253267E-032
-22.324945   0.152036E-031  -0.128945E-032  -0.164488E-032   0.983895E-032
-22.156604   0.567213E-031  -0.481068E-032  -0.608249E-032   0.363912E-031
-21.991149   0.205497E-030  -0.174288E-031  -0.218426E-031   0.130714E-030
-21.825705   0.736066E-030  -0.624280E-031  -0.775434E-031   0.464157E-030
-21.657398   0.265216E-029  -0.224939E-030  -0.276864E-030   0.165766E-029
-21.483083   0.978698E-029  -0.830067E-030  -0.101205E-029   0.606100E-029
-21.299082   0.377196E-028  -0.319913E-029  -0.386175E-029   0.231340E-028
-21.101051   0.155063E-027  -0.131515E-028  -0.157067E-028   0.941206E-028
-20.884583   0.691955E-027  -0.586873E-028  -0.692838E-028   0.415316E-027
-20.648314   0.333357E-026  -0.282732E-027  -0.329649E-027   0.197680E-026
-20.400337   0.162925E-025  -0.138182E-026  -0.159046E-026   0.954126E-026
-20.157800   0.728185E-025  -0.617599E-026  -0.702020E-026   0.421311E-025
-19.932684   0.280679E-024  -0.238053E-025  -0.267487E-025   0.160590E-024
-19.726266   0.938996E-024  -0.796392E-025  -0.885454E-025   0.531778E-024
-19.535051   0.280903E-023  -0.238242E-024  -0.262304E-024   0.157584E-023
-19.354981   0.773780E-023  -0.656263E-024  -0.715902E-024   0.430226E-023
-19.182564   0.201024E-022  -0.170493E-023  -0.184345E-023   0.110817E-022
-19.014914   0.502210E-022  -0.425934E-023  -0.456573E-023   0.274548E-022
-18.849556   0.122659E-021  -0.104029E-022  -0.110558E-022   0.665016E-022
-18.684207   0.297297E-021  -0.252141E-022  -0.265653E-022   0.159842E-021
-18.516583   0.725479E-021  -0.615283E-022  -0.642515E-022   0.386723E-021
-18.344212   0.180914E-020  -0.153433E-021  -0.158744E-021   0.955794E-021
-18.164211   0.468699E-020  -0.397500E-021  -0.407222E-021   0.245279E-020
-17.973093   0.128595E-019  -0.109059E-020  -0.110540E-020   0.666080E-020
-17.766801   0.381997E-019  -0.323962E-020  -0.324511E-020   0.195631E-019
-17.541841   0.125348E-018  -0.106303E-019  -0.105087E-019   0.633850E-019
-17.299431   0.453241E-018  -0.384369E-019  -0.374427E-019   0.225979E-018
-17.051418   0.170636E-017  -0.144704E-018  -0.138774E-018   0.838100E-018
-16.814989   0.612488E-017  -0.519394E-018  -0.490412E-018   0.296376E-017
-16.598368   0.200022E-016  -0.169616E-017  -0.157786E-017   0.954195E-017
-16.400218   0.595160E-016  -0.504674E-017  -0.462890E-017   0.280109E-016
-16.216131   0.164363E-015  -0.139370E-016  -0.126112E-016   0.763624E-016
-16.041759   0.429571E-015  -0.364239E-016  -0.325279E-016   0.197085E-015
-15.873419   0.108040E-014  -0.916056E-016  -0.807520E-016   0.489581E-015
-15.707964   0.265224E-014  -0.224872E-015  -0.195671E-015   0.118708E-014
-15.542520   0.643557E-014  -0.545624E-015  -0.468560E-015   0.284452E-014
-15.374212   0.156204E-013  -0.132428E-014  -0.112194E-014   0.681586E-014
-15.199897   0.383893E-013  -0.325446E-014  -0.271851E-014   0.165275E-013
-15.015897   0.967834E-013  -0.820440E-014  -0.675138E-014   0.410794E-013
-14.817865   0.253764E-012  -0.215105E-013  -0.174177E-013   0.106076E-012
-14.601398   0.699605E-012  -0.592979E-013  -0.471793E-013   0.287617E-012
-14.365128   0.201811E-011  -0.171039E-012  -0.133514E-012   0.814852E-012
-14.117152   0.583613E-011  -0.494574E-012  -0.378460E-012   0.231260E-011
-13.874615   0.157879E-010  -0.133778E-011  -0.100401E-011   0.614257E-011
-13.649499   0.384767E-010  -0.325995E-011  -0.240276E-011   0.147174E-010
-13.443080   0.849740E-010  -0.719869E-011  -0.521808E-011   0.319975E-010
-13.251865   0.173650E-009  -0.147094E-010  -0.104978E-010   0.644413E-010
-13.071795   0.335029E-009  -0.283764E-010  -0.199548E-010   0.122620E-009
-12.899378   0.620207E-009  -0.525247E-010  -0.364132E-010   0.223985E-009
-12.731728   0.111599E-008  -0.945007E-010  -0.646021E-010   0.397787E-009
-12.566371   0.197308E-008  -0.167058E-009  -0.112617E-009   0.694163E-009
-12.401022   0.346076E-008  -0.292980E-009  -0.194716E-009   0.120152E-008
-12.233398   0.607686E-008  -0.514380E-009  -0.336879E-009   0.208114E-008
-12.061027   0.107805E-007  -0.912376E-009  -0.588394E-009   0.363939E-008
-11.881026   0.195137E-007  -0.165119E-008  -0.104743E-008   0.648738E-008
-11.689907   0.364468E-007  -0.308337E-008  -0.192101E-008   0.119160E-007
-11.483616   0.711302E-007  -0.601602E-008  -0.367368E-008   0.228271E-007
-11.258655   0.146613E-006  -0.123963E-007  -0.739997E-008   0.460739E-007
-11.016245   0.318040E-006  -0.268805E-007  -0.156413E-007   0.976154E-007
-10.768233   0.700456E-006  -0.591753E-007  -0.334976E-007   0.209604E-006
-10.531804   0.148565E-005  -0.125446E-006  -0.690650E-007   0.433350E-006
-10.315183   0.295518E-005  -0.249398E-006  -0.133659E-006   0.840971E-006
-10.117033   0.552619E-005  -0.466114E-006  -0.243414E-006   0.153577E-005
 -9.932946   0.983222E-005  -0.828820E-006  -0.422071E-006   0.267036E-005
 -9.758574   0.168454E-004  -0.141910E-005  -0.704984E-006   0.447289E-005
 -9.590234   0.280712E-004  -0.236318E-005  -0.114528E-005   0.728757E-005
 -9.424779   0.458725E-004  -0.385887E-005  -0.182382E-005   0.116406E-004
 -9.259334   0.740251E-004  -0.622192E-005  -0.286583E-005   0.183502E-004
 -9.091027   0.118704E-003  -0.996775E-005  -0.446940E-005   0.287176E-004
 -8.916712   0.190288E-003  -0.159614E-004  -0.695602E-005   0.448652E-004
 -8.732711   0.306787E-003  -0.257003E-004  -0.108622E-004   0.703566E-004
 -8.534680   0.500332E-003  -0.418494E-004  -0.171038E-004   0.111319E-003
 -8.318213   0.828506E-003  -0.691673E-004  -0.272347E-004   0.178242E-003
 -8.081943   0.138653E-002  -0.115481E-003  -0.436321E-004   0.287396E-003
 -7.833966   0.229297E-002  -0.190435E-003  -0.688509E-004   0.456768E-003
 -7.591430   0.362731E-002  -0.300293E-003  -0.103896E-003   0.694437E-003
 -7.366314   0.540747E-002  -0.446138E-003  -0.148033E-003   0.996794E-003
 -7.159895   0.763988E-002  -0.628063E-003  -0.200357E-003   0.135891E-002
 -6.968680   0.103497E-001  -0.847623E-003  -0.260483E-003   0.177930E-002
 -6.788610   0.135835E-001  -0.110800E-002  -0.328452E-003   0.225946E-002
 -6.616193   0.174093E-001  -0.141394E-002  -0.404600E-003   0.280316E-002
 -6.448543   0.219205E-001  -0.177190E-002  -0.489517E-003   0.341622E-002
 -6.283185   0.272423E-001  -0.219050E-002  -0.584037E-003   0.410665E-002
 -6.117836   0.335433E-001  -0.268111E-002  -0.689254E-003   0.488492E-002
 -5.950213   0.410500E-001  -0.325857E-002  -0.806506E-003   0.576413E-002
 -5.777842   0.500680E-001  -0.394217E-002  -0.937340E-003   0.676008E-002
 -5.597841   0.610127E-001  -0.475667E-002  -0.108341E-002   0.789091E-002
 -5.406722   0.744509E-001  -0.573298E-002  -0.124623E-002   0.917536E-002
 -5.200431   0.911318E-001  -0.690588E-002  -0.142635E-002   0.106266E-001
 -4.975470   0.111903E+000  -0.829931E-002  -0.162132E-002   0.122323E-001
 -4.733060   0.137175E+000  -0.987841E-002  -0.182139E-002   0.139090E-001
 -4.485047   0.165809E+000  -0.114797E-001  -0.200801E-002   0.154658E-001
 -4.248619   0.195193E+000  -0.128586E-001  -0.216715E-002   0.167056E-001
 -4.031997   0.223274E+000  -0.138506E-001  -0.230338E-002   0.175740E-001
 -3.833847   0.249373E+000  -0.144021E-001  -0.243390E-002   0.181342E-001
 -3.649761   0.273619E+000  -0.145131E-001  -0.257874E-002   0.184867E-001
 -3.475389   0.296477E+000  -0.142015E-001  -0.275717E-002   0.187345E-001
 -3.307048   0.318591E+000  -0.134915E-001  -0.298690E-002   0.189747E-001
 -3.141593   0.340761E+000  -0.124122E-001  -0.328400E-002   0.192978E-001
 -2.976149   0.363964E+000  -0.109989E-001  -0.366244E-002   0.197870E-001
 -2.807842   0.389412E+000  -0.929657E-002  -0.413302E-002   0.205157E-001
 -2.633527   0.418627E+000  -0.736421E-002  -0.470106E-002   0.215406E-001
 -2.449526   0.453527E+000  -0.528323E-002  -0.536177E-002   0.228870E-001
 -2.251495   0.496453E+000  -0.316977E-002  -0.609093E-002   0.245176E-001
 -2.035027   0.549869E+000  -0.119317E-002  -0.682689E-002   0.262711E-001
 -1.798758   0.614929E+000   0.413497E-003  -0.744501E-002   0.277694E-001
 -1.550781   0.688310E+000   0.141959E-002  -0.776475E-002   0.284190E-001
 -1.308244   0.761551E+000   0.178028E-002  -0.765846E-002   0.277539E-001
 -1.083128   0.827095E+000   0.167939E-002  -0.714319E-002   0.257670E-001
 -0.876710   0.881886E+000   0.134481E-002  -0.631334E-002   0.227281E-001
 -0.685495   0.925580E+000   0.938316E-003  -0.526128E-002   0.189262E-001
 -0.505425   0.958684E+000   0.556847E-003  -0.405758E-002   0.145930E-001
 -0.333008   0.981817E+000   0.255657E-003  -0.275435E-002   0.990596E-002
 -0.165358   0.995482E+000   0.650526E-004  -0.139118E-002   0.500355E-002
  0.000000   0.100000E+001   0.142642E-015   0.636650E-007  -0.284092E-006
  0.165349   0.995481E+000   0.649756E-004   0.139124E-002  -0.500390E-002
  0.332973   0.981818E+000   0.255471E-003   0.275421E-002  -0.990556E-002
  0.505343   0.958694E+000   0.556500E-003   0.405711E-002  -0.145914E-001
  0.685344   0.925608E+000   0.937762E-003   0.526044E-002  -0.189233E-001
  0.876463   0.881945E+000   0.134409E-002   0.631219E-002  -0.227241E-001
  1.082755   0.827200E+000   0.167876E-002   0.714200E-002  -0.257627E-001
  1.307715   0.761712E+000   0.178040E-002   0.765777E-002  -0.277511E-001
  1.550125   0.688509E+000   0.142145E-002   0.776512E-002  -0.284194E-001
  1.798138   0.615111E+000   0.417226E-003   0.744640E-002  -0.277728E-001
  2.034567   0.549995E+000  -0.118886E-002   0.682850E-002  -0.262751E-001
  2.251188   0.496526E+000  -0.316611E-002   0.609220E-002  -0.245205E-001
  2.449338   0.453564E+000  -0.528076E-002   0.536257E-002  -0.228886E-001
  2.633424   0.418642E+000  -0.736292E-002   0.470147E-002  -0.215413E-001
  2.807797   0.389414E+000  -0.929621E-002   0.413319E-002  -0.205159E-001
  2.976137   0.363960E+000  -0.109992E-001   0.366250E-002  -0.197869E-001
  3.141592   0.340756E+000  -0.124128E-001   0.328403E-002  -0.192976E-001
  3.307036   0.318588E+000  -0.134923E-001   0.298694E-002  -0.189745E-001
  3.475344   0.296478E+000  -0.142024E-001   0.275725E-002  -0.187343E-001
  3.649658   0.273628E+000  -0.145143E-001   0.257887E-002  -0.184866E-001
  3.833659   0.249396E+000  -0.144038E-001   0.243407E-002  -0.181344E-001
  4.031691   0.223313E+000  -0.138534E-001   0.230363E-002  -0.175750E-001
  4.248158   0.195253E+000  -0.128629E-001   0.216750E-002  -0.167078E-001
  4.484428   0.165884E+000  -0.114853E-001   0.200850E-002  -0.154694E-001
  4.732404   0.137246E+000  -0.988435E-002   0.182196E-002  -0.139134E-001
  4.974941   0.111954E+000  -0.830422E-002   0.162181E-002  -0.122361E-001
  5.200057   0.911632E-001  -0.690942E-002   0.142671E-002  -0.106293E-001
  5.406476   0.744679E-001  -0.573542E-002   0.124646E-002  -0.917707E-002
  5.597691   0.610207E-001  -0.475831E-002   0.108355E-002  -0.789185E-002
  5.777761   0.500707E-001  -0.394329E-002   0.937413E-003  -0.676052E-002
  5.950178   0.410500E-001  -0.325936E-002   0.806538E-003  -0.576427E-002
  6.117828   0.335422E-001  -0.268170E-002   0.689265E-003  -0.488491E-002
  6.283185   0.272411E-001  -0.219098E-002   0.584042E-003  -0.410662E-002
  6.448534   0.219197E-001  -0.177232E-002   0.489525E-003  -0.341622E-002
  6.616158   0.174094E-001  -0.141433E-002   0.404619E-003  -0.280326E-002
  6.788529   0.135845E-001  -0.110840E-002   0.328488E-003  -0.225968E-002
  6.968530   0.103517E-001  -0.848033E-003   0.260539E-003  -0.177967E-002
  7.159649   0.764274E-002  -0.628486E-003   0.200432E-003  -0.135942E-002
  7.365940   0.541090E-002  -0.446559E-003   0.148123E-003  -0.997403E-003
  7.590900   0.363083E-002  -0.300680E-003   0.103992E-003  -0.695079E-003
  7.833311   0.229591E-002  -0.190742E-003   0.689343E-004  -0.457325E-003
  8.081323   0.138837E-002  -0.115674E-003   0.436873E-004  -0.287762E-003
  8.317752   0.829405E-003  -0.692672E-004   0.272635E-004  -0.178431E-003
  8.534373   0.500714E-003  -0.418970E-004   0.171169E-004  -0.111404E-003
  8.732523   0.306931E-003  -0.257223E-004   0.108676E-004  -0.703914E-004
  8.916610   0.190334E-003  -0.159715E-004   0.695802E-005  -0.448777E-004
  9.090982   0.118712E-003  -0.997251E-005   0.446999E-005  -0.287211E-004
  9.259322   0.740230E-004  -0.622432E-005   0.286595E-005  -0.183508E-004
  9.424777   0.458695E-004  -0.386027E-005   0.182384E-005  -0.116405E-004
  9.590221   0.280703E-004  -0.236413E-005   0.114533E-005  -0.728781E-005
  9.758529   0.168467E-004  -0.141985E-005   0.705089E-006  -0.447352E-005
  9.932844   0.983497E-005  -0.829428E-006   0.422216E-006  -0.267126E-005
 10.116845   0.552942E-005  -0.466603E-006   0.243568E-006  -0.153674E-005
 10.314876   0.295816E-005  -0.249769E-006   0.133799E-006  -0.841847E-006
 10.531343   0.148793E-005  -0.125700E-006   0.691723E-007  -0.434022E-006
 10.767613   0.701864E-006  -0.593238E-007   0.335653E-007  -0.210027E-006
 11.015590   0.318706E-006  -0.269505E-007   0.156743E-007  -0.978210E-007
 11.258126   0.146864E-006  -0.124240E-007   0.741284E-008  -0.461539E-007
 11.483242   0.712155E-007  -0.602645E-008   0.367827E-008  -0.228555E-007
 11.689661   0.364745E-007  -0.308738E-008   0.192259E-008  -0.119257E-007
 11.880876   0.195219E-007  -0.165280E-008   0.104795E-008  -0.649058E-008
 12.060946   0.107824E-007  -0.913054E-009   0.588551E-009  -0.364034E-008
 12.233363   0.607699E-008  -0.514684E-009   0.336917E-009  -0.208136E-008
 12.401013   0.346053E-008  -0.293129E-009   0.194721E-009  -0.120154E-008
 12.566371   0.197290E-008  -0.167140E-009   0.112617E-009  -0.694160E-009
 12.731720   0.111591E-008  -0.945501E-010   0.646040E-010  -0.397796E-009
 12.899343   0.620221E-009  -0.525574E-010   0.364176E-010  -0.224010E-009
 13.071714   0.335096E-009  -0.283993E-010   0.199606E-010  -0.122655E-009
 13.251715   0.173733E-009  -0.147255E-010   0.105037E-010  -0.644773E-010
 13.442834   0.850490E-010  -0.720955E-011   0.522311E-011  -0.320282E-010
 13.649125   0.385324E-010  -0.326674E-011   0.240641E-011  -0.147398E-010
 13.874086   0.158219E-010  -0.134152E-011   0.100623E-011  -0.615613E-011
 14.116496   0.585221E-011  -0.496262E-012   0.379524E-012  -0.231909E-011
 14.364509   0.202371E-011  -0.171628E-012   0.133892E-012  -0.817156E-012
 14.600937   0.701156E-012  -0.594699E-013   0.472873E-013  -0.288274E-012
 14.817558   0.254152E-012  -0.215582E-013   0.174459E-013  -0.106246E-012
 15.015709   0.968731E-013  -0.821776E-014   0.675830E-014  -0.411213E-013
 15.199795   0.384071E-013  -0.325829E-014   0.272006E-014  -0.165369E-013
 15.374167   0.156226E-013  -0.132543E-014   0.112223E-014  -0.681757E-014
 15.542508   0.643526E-014  -0.545997E-015   0.468593E-015  -0.284470E-014
 15.707963   0.265195E-014  -0.225014E-015   0.195673E-015  -0.118708E-014
 15.873407   0.108035E-014  -0.916698E-016   0.807579E-016  -0.489614E-015
 16.041714   0.429636E-015  -0.364570E-016   0.325367E-016  -0.197137E-015
 16.216029   0.164446E-015  -0.139547E-016   0.126190E-016  -0.764094E-016
 16.400030   0.595774E-016  -0.505587E-017   0.463420E-017  -0.280428E-016
 16.598061   0.200373E-016  -0.170047E-017   0.158079E-017  -0.955966E-017
 16.814528   0.614098E-017  -0.521176E-018   0.491748E-018  -0.297183E-017
 17.050798   0.171217E-017  -0.145315E-018   0.139259E-018  -0.841027E-018
 17.298775   0.454829E-018  -0.386034E-019   0.375774E-019  -0.226792E-018
 17.541312   0.125703E-018  -0.106693E-019   0.105395E-019  -0.635707E-019
 17.766428   0.382748E-019  -0.324873E-020   0.325186E-020  -0.196038E-019
 17.972846   0.128754E-019  -0.109287E-020   0.110690E-020  -0.666983E-020
 18.164061   0.469019E-020  -0.398115E-021   0.407554E-021  -0.245478E-020
 18.344131   0.180967E-020  -0.153612E-021   0.158812E-021  -0.956201E-021
 18.516548   0.725507E-021  -0.615847E-022   0.642631E-022  -0.386791E-021
 18.684198   0.297266E-021  -0.252338E-022   0.265664E-022  -0.159848E-021
 18.849556   0.122642E-021  -0.104107E-022   0.110559E-022  -0.665014E-022
 19.014905   0.502158E-022  -0.426274E-023   0.456592E-023  -0.274558E-022
 19.182529   0.201032E-022  -0.170655E-023   0.184380E-023  -0.110838E-022
 19.354899   0.774020E-023  -0.657068E-024   0.716228E-024  -0.430420E-023
 19.534900   0.281110E-023  -0.238638E-024   0.262534E-024  -0.157721E-023
 19.726019   0.940267E-024  -0.798214E-025   0.886775E-025  -0.532570E-024
 19.932311   0.281298E-024  -0.238803E-025   0.268113E-025  -0.160964E-024
 20.157271   0.730552E-025  -0.620198E-026   0.704391E-026  -0.422733E-025
 20.399681   0.163599E-025  -0.138888E-026   0.159724E-026  -0.958188E-026
 20.647694   0.334736E-026  -0.284179E-027   0.331054E-027  -0.198521E-026
 20.884123   0.694228E-027  -0.589383E-028   0.695206E-028  -0.416735E-027
 21.100744   0.155412E-027  -0.131942E-028   0.157443E-028  -0.943457E-028
 21.298894   0.377709E-028  -0.320671E-029   0.386758E-029  -0.231688E-028
 21.482980   0.979361E-029  -0.831476E-030   0.101289E-029  -0.606605E-029
 21.657353   0.265272E-029  -0.225217E-030   0.276967E-030  -0.165827E-029
 21.825693   0.736017E-030  -0.624887E-031   0.775512E-031  -0.464202E-030
 21.991148   0.205464E-030  -0.174443E-031   0.218429E-031  -0.130715E-030
 22.156592   0.567175E-031  -0.481543E-032   0.608312E-032  -0.363948E-031
 22.324900   0.152069E-031  -0.129110E-032   0.164552E-032  -0.984271E-032
 22.499214   0.388207E-032  -0.329600E-033   0.423886E-033  -0.253490E-032
 22.683215   0.921998E-033  -0.782810E-034   0.101618E-033  -0.607548E-033
 22.881247   0.198371E-033  -0.168425E-034   0.220784E-034  -0.131969E-033
 23.097714   0.377118E-034  -0.320191E-035   0.424097E-035  -0.253431E-034
 23.333984   0.632869E-035  -0.537339E-036   0.719507E-036  -0.429850E-035
 23.581960   0.100109E-035  -0.849987E-037   0.115074E-036  -0.687302E-036
 23.824497   0.168644E-036  -0.143189E-037   0.195881E-037  -0.116966E-036
 24.049613   0.327035E-037  -0.277675E-038   0.383436E-038  -0.228911E-037
 24.256032   0.731525E-038  -0.621116E-039   0.864936E-039  -0.516271E-038
 24.447247   0.183360E-038  -0.155686E-039   0.218466E-039  -0.130378E-038
 24.627317   0.499146E-039  -0.423813E-040   0.598941E-040  -0.357387E-039
 24.799733   0.143651E-039  -0.121971E-040   0.173528E-040  -0.103529E-039
 24.967383   0.427168E-040  -0.362701E-041   0.519342E-041  -0.309805E-040
 25.132741   0.128588E-040  -0.109182E-041   0.157320E-041  -0.938345E-041
 25.298090   0.384210E-041  -0.326228E-042   0.473001E-042  -0.282088E-041
 25.465714   0.111674E-041  -0.948216E-043   0.138352E-042  -0.824994E-042
 25.638085   0.308876E-042  -0.262264E-043   0.385145E-043  -0.229633E-042
 25.818086   0.792278E-043  -0.672719E-044   0.994612E-044  -0.592934E-043
 26.009205   0.182618E-043  -0.155061E-044   0.230910E-044  -0.137637E-043
 26.215496   0.364030E-044  -0.309098E-045   0.463888E-045  -0.276465E-044
 26.440456   0.603760E-045  -0.512655E-046   0.775966E-046  -0.462380E-045
 26.682867   0.826970E-046  -0.702186E-047   0.107273E-046  -0.639105E-046
 26.930879   0.101151E-046  -0.858886E-048   0.132478E-047  -0.789129E-047
 27.167308   0.126798E-047  -0.107666E-048   0.167621E-048  -0.998295E-048
 27.383929   0.176853E-048  -0.150169E-049   0.235828E-049  -0.140430E-048
 27.582079   0.276244E-049  -0.234565E-050   0.371336E-050  -0.221091E-049
 27.766166   0.471860E-050  -0.400668E-051   0.639083E-051  -0.380457E-050
 27.940538   0.856849E-051  -0.727573E-052   0.116885E-051  -0.695751E-051
 28.108878   0.161163E-051  -0.136848E-052   0.221371E-052  -0.131755E-051
 28.274333   0.306640E-052  -0.260377E-053   0.424060E-053  -0.252362E-052
