 nmodes=            4  nfields=            2  max_plot=          289
 ky=   5.3234050483499662E-002   width=    1.052478134110787     
 theta     ((Re(field_i), Im(field_i),i=(1,nfields)),j=1,nmodes)
Tearing metric:  [   0.391762E-003   0.199743E+001   0.129440E-002   0.199758E+001 ]
DEP: [   0.140768E-001   0.555665E-003   0.308641E-003   0.196947E-002]
chi_th: [   0.576016E+003  -0.417287E+002  -0.456863E+001  -0.439856E+003]
chi_i: [  -0.992807E+004   0.387553E+003   0.175622E+003   0.291120E+003]
chi_i_cond: [  -0.150592E+004   0.175151E+003   0.892036E+002  -0.246042E+002]
chi_e: [   0.197102E+005   0.900841E+003   0.513499E+003   0.281577E+004]
chi_e_cond: [   0.176929E+004  -0.166034E+003  -0.583146E+002  -0.677860E+003]
i_QL_cond_flux: [  -0.863125E-003   0.100388E-003   0.511274E-004  -0.141020E-004]
e_QL_cond_flux: [   0.176929E-002  -0.166034E-003  -0.583146E-004  -0.677860E-003]
QL_ratio: [   0.292373E+003   0.257535E+003   0.227971E+003   0.432506E+004]
EP QL convective fraction: [   0.115423E+001   0.444728E+000   0.547925E+000   0.668153E+000]
<theta^2>: [   0.206035E+001   0.638336E+001   0.452967E+001   0.619562E+001]
 Mode kept T/F for each mode:    F  F  T  F
 Theta      Re(phi)        Im(phi)        Re(B_per)        Im(B_per)
-28.274334  -0.338709E-151  -0.436655E-152   0.160827E-151  -0.935109E-151
-28.110019  -0.224198E-149  -0.289040E-150   0.105827E-149  -0.615301E-149
-27.943028  -0.154664E-147  -0.199402E-148   0.725661E-148  -0.421899E-147
-27.770452  -0.119321E-145  -0.153840E-146   0.556332E-146  -0.323440E-145
-27.588879  -0.111672E-143  -0.143984E-144   0.517225E-144  -0.300692E-143
-27.394189  -0.139625E-141  -0.180032E-142   0.642076E-142  -0.373260E-141
-27.181819  -0.258732E-139  -0.333623E-140   0.118048E-139  -0.686220E-139
-26.948894  -0.752609E-137  -0.970502E-138   0.340412E-137  -0.197873E-136
-26.700318  -0.300443E-134  -0.387447E-135   0.134630E-134  -0.782526E-134
-26.452578  -0.109826E-131  -0.141638E-132   0.487542E-132  -0.283364E-131
-26.221371  -0.254637E-129  -0.328413E-130   0.112047E-129  -0.651191E-129
-26.010566  -0.346811E-127  -0.447313E-128   0.151376E-127  -0.879717E-127
-25.816968  -0.303246E-125  -0.391143E-126   0.131375E-125  -0.763444E-125
-25.636064  -0.191053E-123  -0.246441E-124   0.821897E-124  -0.477597E-123
-25.463850  -0.957707E-122  -0.123541E-122   0.409234E-122  -0.237792E-121
-25.297018  -0.413735E-120  -0.533727E-121   0.175634E-120  -0.102050E-119
-25.132741  -0.164593E-118  -0.212338E-119   0.694181E-119  -0.403328E-118
-24.968447  -0.639367E-117  -0.824870E-118   0.267895E-117  -0.155644E-116
-24.801558  -0.256811E-115  -0.331337E-116   0.106886E-115  -0.620962E-115
-24.629245  -0.113429E-113  -0.146353E-114   0.468818E-114  -0.272351E-113
-24.448187  -0.591399E-112  -0.763097E-113   0.242636E-112  -0.140947E-111
-24.254372  -0.396033E-110  -0.511040E-111   0.161192E-110  -0.936310E-110
-24.043287  -0.373783E-108  -0.482360E-109   0.150808E-108  -0.875936E-108
-23.811807  -0.527864E-106  -0.681248E-107   0.210914E-106  -0.122496E-105
-23.563944  -0.101398E-103  -0.130872E-104   0.400899E-104  -0.232817E-103
-23.315475  -0.188425E-101  -0.243217E-102   0.737053E-102  -0.427997E-101
-23.082819  -0.240506E-099  -0.310467E-100   0.931281E-100  -0.540739E-099
-22.870732  -0.192566E-097  -0.248600E-098   0.738709E-098  -0.428891E-097
-22.676267  -0.103729E-095  -0.133923E-096   0.394490E-096  -0.229022E-095
-22.494851  -0.415813E-094  -0.536887E-095   0.156852E-094  -0.910548E-094
-22.322378  -0.135485E-092  -0.174946E-093   0.507092E-093  -0.294353E-092
-22.155445  -0.385324E-091  -0.497586E-092   0.143122E-091  -0.830729E-091
-21.991149  -0.101468E-089  -0.131040E-090   0.374043E-090  -0.217093E-089
-21.826834  -0.260698E-088  -0.336698E-089   0.953705E-089  -0.553487E-088
-21.659843  -0.687551E-087  -0.888051E-088   0.249566E-087  -0.144827E-086
-21.487267  -0.196473E-085  -0.253787E-086   0.707375E-086  -0.410468E-085
-21.305693  -0.647210E-084  -0.836079E-085   0.231018E-084  -0.134041E-083
-21.111003  -0.264375E-082  -0.341556E-083   0.934911E-083  -0.542407E-082
-20.898633  -0.144752E-080  -0.187029E-081   0.506660E-081  -0.293919E-080
-20.665708  -0.110725E-078  -0.143081E-079   0.383179E-079  -0.222261E-078
-20.417133  -0.106487E-076  -0.137621E-077   0.364022E-077  -0.211122E-076
-20.169392  -0.944746E-075  -0.122113E-075   0.318997E-075  -0.184985E-074
-19.938186  -0.585777E-073  -0.757243E-074   0.195502E-073  -0.113356E-072
-19.727380  -0.240191E-071  -0.310536E-072   0.793093E-072  -0.459798E-071
-19.533783  -0.698437E-070  -0.903090E-071   0.228341E-070  -0.132367E-069
-19.352878  -0.157432E-068  -0.203584E-069   0.509903E-069  -0.295553E-068
-19.180665  -0.296768E-067  -0.383809E-068   0.952601E-068  -0.552094E-067
-19.013833  -0.497150E-066  -0.643029E-067   0.158186E-066  -0.916697E-066
-18.849556  -0.778128E-065  -0.100656E-065   0.245440E-065  -0.142219E-064
-18.685261  -0.118898E-063  -0.153819E-064   0.371746E-064  -0.215383E-063
-18.518373  -0.185064E-062  -0.239446E-063   0.573426E-063  -0.332195E-062
-18.346060  -0.307006E-061  -0.397272E-062   0.942368E-062  -0.545863E-061
-18.165001  -0.571615E-060  -0.739778E-061   0.173716E-060  -0.100612E-059
-17.971186  -0.126962E-058  -0.164337E-059   0.381695E-059  -0.221035E-058
-17.760102  -0.359478E-057  -0.465378E-058   0.106791E-057  -0.618313E-057
-17.528621  -0.135175E-055  -0.175029E-056   0.396270E-056  -0.229396E-055
-17.280758  -0.627476E-054  -0.812649E-055   0.181308E-054  -0.104936E-053
-17.032289  -0.279919E-052  -0.362606E-053   0.796998E-053  -0.461178E-052
-16.799633  -0.936838E-051  -0.121384E-051   0.263028E-051  -0.152167E-050
-16.587547  -0.220977E-049  -0.286374E-050   0.612422E-050  -0.354228E-049
-16.393081  -0.387595E-048  -0.502399E-049   0.106132E-048  -0.613753E-048
-16.211666  -0.544822E-047  -0.706329E-048   0.147493E-047  -0.852787E-047
-16.039193  -0.654800E-046  -0.849068E-047   0.175333E-046  -0.101357E-045
-15.872259  -0.708703E-045  -0.919133E-046   0.187739E-045  -0.108509E-044
-15.707963  -0.720756E-044  -0.934943E-045   0.188902E-044  -0.109161E-043
-15.543649  -0.714950E-043  -0.927592E-044   0.185366E-043  -0.107097E-042
-15.376657  -0.716859E-042  -0.930260E-043   0.183809E-042  -0.106176E-041
-15.204082  -0.754303E-041  -0.979065E-042   0.191179E-041  -0.110410E-040
-15.022508  -0.869040E-040  -0.112826E-040   0.217557E-040  -0.125614E-039
-14.827818  -0.115168E-038  -0.149560E-039   0.284475E-039  -0.164210E-038
-14.615448  -0.184856E-037  -0.240131E-038   0.449897E-038  -0.259621E-037
-14.382523  -0.368540E-036  -0.478907E-037   0.882274E-037  -0.508960E-036
-14.133947  -0.845485E-035  -0.109911E-035   0.198820E-035  -0.114650E-034
-13.886207  -0.180209E-033  -0.234362E-034   0.416163E-034  -0.239887E-033
-13.655000  -0.295878E-032  -0.384944E-033   0.671644E-033  -0.387003E-032
-13.444195  -0.361874E-031  -0.470985E-032   0.808496E-032  -0.465685E-031
-13.250598  -0.346875E-030  -0.451629E-031   0.763591E-031  -0.439663E-030
-13.069693  -0.277375E-029  -0.361269E-030   0.602089E-030  -0.346554E-029
-12.897480  -0.195000E-028  -0.254069E-029   0.417588E-029  -0.240275E-028
-12.730647  -0.125632E-027  -0.163745E-028   0.265483E-028  -0.152703E-027
-12.566371  -0.767193E-027  -0.100030E-027   0.159985E-027  -0.919888E-027
-12.402076  -0.457169E-026  -0.596305E-027   0.940603E-027  -0.540634E-026
-12.235188  -0.273280E-025  -0.356592E-026   0.554517E-026  -0.318598E-025
-12.062874  -0.168655E-024  -0.220167E-025   0.337286E-025  -0.193707E-024
-11.881816  -0.110984E-023  -0.144949E-024   0.218533E-024  -0.125448E-023
-11.688001  -0.808293E-023  -0.105622E-023   0.156489E-023  -0.897858E-023
-11.476916  -0.677708E-022  -0.886117E-023   0.128766E-022  -0.738356E-022
-11.245436  -0.668563E-021  -0.874776E-022   0.124379E-021  -0.712712E-021
-10.997573  -0.737583E-020  -0.965863E-021   0.134081E-020  -0.767700E-020
-10.749104  -0.776185E-019  -0.101729E-019   0.137779E-019  -0.788201E-019
-10.516448  -0.669532E-018  -0.878271E-019   0.116158E-018  -0.663950E-018
-10.304362  -0.457683E-017  -0.600880E-018   0.777250E-018  -0.443902E-017
-10.109896  -0.257335E-016  -0.338126E-017   0.428340E-017  -0.244436E-016
 -9.928481  -0.124927E-015  -0.164281E-016   0.204009E-016  -0.116327E-015
 -9.756008  -0.545590E-015  -0.718039E-016   0.874589E-016  -0.498297E-015
 -9.589074  -0.221367E-014  -0.291577E-015   0.348417E-015  -0.198348E-014
 -9.424778  -0.856252E-014  -0.112879E-014   0.132314E-014  -0.752609E-014
 -9.260464  -0.322759E-013  -0.425875E-014   0.489490E-014  -0.278175E-013
 -9.093472  -0.120997E-012  -0.159807E-013   0.179971E-013  -0.102179E-012
 -8.920896  -0.460494E-012  -0.608843E-013   0.671047E-013  -0.380591E-012
 -8.739323  -0.181958E-011  -0.240858E-012   0.259376E-012  -0.146936E-011
 -8.544633  -0.765389E-011  -0.101451E-011   0.106497E-011  -0.602497E-011
 -8.332263  -0.351273E-010  -0.466333E-011   0.475701E-011  -0.268704E-010
 -8.099338  -0.177348E-009  -0.235875E-010   0.232931E-010  -0.131329E-009
 -7.850762  -0.939568E-009  -0.125233E-009   0.119308E-009  -0.671217E-009
 -7.603022  -0.464911E-008  -0.621122E-009   0.570147E-009  -0.320000E-008
 -7.371815  -0.195403E-007  -0.261683E-008   0.231702E-008  -0.129730E-007
 -7.161010  -0.690022E-007  -0.926266E-008   0.792640E-008  -0.442728E-007
 -6.967413  -0.211291E-006  -0.284299E-007   0.235516E-007  -0.131230E-006
 -6.786508  -0.581216E-006  -0.783900E-007   0.629316E-007  -0.349803E-006
 -6.614294  -0.147783E-005  -0.199802E-006   0.155516E-006  -0.862260E-006
 -6.447462  -0.354957E-005  -0.481115E-006   0.363038E-006  -0.200759E-005
 -6.283185  -0.819054E-005  -0.111313E-005   0.813784E-006  -0.448765E-005
 -6.118891  -0.184066E-004  -0.250874E-005   0.177488E-005  -0.975806E-005
 -5.952002  -0.407738E-004  -0.557483E-005   0.380983E-005  -0.208762E-004
 -5.779689  -0.900588E-004  -0.123568E-004   0.813579E-005  -0.444135E-004
 -5.598631  -0.200662E-003  -0.276435E-004   0.174704E-004  -0.949589E-004
 -5.404816  -0.456456E-003  -0.631806E-004   0.381299E-004  -0.206188E-003
 -5.193731  -0.107110E-002  -0.149108E-003   0.853222E-004  -0.458480E-003
 -4.962251  -0.259359E-002  -0.363618E-003   0.195458E-003  -0.104202E-002
 -4.714388  -0.629475E-002  -0.890191E-003   0.445043E-003  -0.234926E-002
 -4.465919  -0.143606E-001  -0.205133E-002   0.947173E-003  -0.494149E-002
 -4.233263  -0.292885E-001  -0.422947E-002   0.179941E-002  -0.926528E-002
 -4.021176  -0.532724E-001  -0.778134E-002   0.304941E-002  -0.154793E-001
 -3.826711  -0.882153E-001  -0.130409E-001   0.470359E-002  -0.235074E-001
 -3.645295  -0.135823E+000  -0.203365E-001   0.673440E-002  -0.330800E-001
 -3.472822  -0.197545E+000  -0.299888E-001   0.907641E-002  -0.437157E-001
 -3.305889  -0.274395E+000  -0.422924E-001   0.116163E-001  -0.546756E-001
 -3.141593  -0.366652E+000  -0.574828E-001   0.141797E-001  -0.649067E-001
 -2.977278  -0.473412E+000  -0.756830E-001   0.165146E-001  -0.729803E-001
 -2.810287  -0.591894E+000  -0.968169E-001   0.182724E-001  -0.770346E-001
 -2.637711  -0.716357E+000  -0.120464E+000   0.189875E-001  -0.747450E-001
 -2.456137  -0.836378E+000  -0.145607E+000   0.180635E-001  -0.633887E-001
 -2.261448  -0.934226E+000  -0.170202E+000   0.147953E-001  -0.401961E-001
 -2.049077  -0.981687E+000  -0.190503E+000   0.851995E-002  -0.349535E-002
 -1.816152  -0.940627E+000  -0.200521E+000  -0.867781E-003   0.443864E-001
 -1.567577  -0.781904E+000  -0.193704E+000  -0.118888E-001   0.929537E-001
 -1.319836  -0.525627E+000  -0.169091E+000  -0.213253E-001   0.126302E+000
 -1.088630  -0.237418E+000  -0.133933E+000  -0.266798E-001   0.136752E+000
 -0.877824   0.278437E-001  -0.968722E-001  -0.277168E-001   0.128334E+000
 -0.684227   0.245885E+000  -0.633497E-001  -0.253687E-001   0.108495E+000
 -0.503323   0.411113E+000  -0.360357E-001  -0.206833E-001   0.830968E-001
 -0.331109   0.525307E+000  -0.161060E-001  -0.145022E-001   0.556398E-001
 -0.164277   0.591971E+000  -0.403681E-002  -0.744993E-002   0.277799E-001
  0.000000   0.613857E+000   0.170586E-016   0.948799E-006  -0.287119E-005
  0.164295   0.591961E+000  -0.403868E-002   0.745233E-002  -0.277877E-001
  0.331183   0.525261E+000  -0.161147E-001   0.145062E-001  -0.556553E-001
  0.503496   0.410969E+000  -0.360609E-001   0.206893E-001  -0.831247E-001
  0.684554   0.245548E+000  -0.634050E-001   0.253752E-001  -0.108536E+000
  0.878370   0.271942E-001  -0.969700E-001   0.277188E-001  -0.128374E+000
  1.089454  -0.238456E+000  -0.134073E+000   0.266681E-001  -0.136751E+000
  1.320934  -0.526915E+000  -0.169237E+000   0.212905E-001  -0.126202E+000
  1.568798  -0.782970E+000  -0.193787E+000   0.118353E-001  -0.927412E-001
  1.817267  -0.941084E+000  -0.200509E+000   0.818098E-003  -0.441517E-001
  2.049923  -0.981648E+000  -0.190438E+000  -0.855064E-002   0.366074E-002
  2.262009  -0.934000E+000  -0.170132E+000  -0.148090E-001   0.402812E-001
  2.456474  -0.836156E+000  -0.145553E+000  -0.180677E-001   0.634220E-001
  2.637890  -0.716204E+000  -0.120429E+000  -0.189880E-001   0.747540E-001
  2.810363  -0.591810E+000  -0.967969E-001  -0.182721E-001   0.770358E-001
  2.977297  -0.473372E+000  -0.756716E-001  -0.165145E-001   0.729806E-001
  3.141593  -0.366627E+000  -0.574748E-001  -0.141797E-001   0.649072E-001
  3.305907  -0.274365E+000  -0.422843E-001  -0.116160E-001   0.546746E-001
  3.472899  -0.197497E+000  -0.299787E-001  -0.907525E-002   0.437108E-001
  3.645474  -0.135756E+000  -0.203242E-001  -0.673213E-002   0.330697E-001
  3.827048  -0.881340E-001  -0.130272E-001  -0.470026E-002   0.234916E-001
  4.021738  -0.531877E-001  -0.776780E-002  -0.304544E-002   0.154598E-001
  4.234108  -0.292142E-001  -0.421801E-002  -0.179549E-002   0.924566E-002
  4.467033  -0.143087E-001  -0.204352E-002  -0.944153E-003   0.492604E-002
  4.715609  -0.626780E-002  -0.886200E-003  -0.443333E-003   0.234037E-002
  4.963349  -0.258306E-002  -0.362067E-003  -0.194739E-003   0.103824E-002
  5.194556  -0.106767E-002  -0.148600E-003  -0.850751E-004   0.457167E-003
  5.405361  -0.455426E-003  -0.630249E-004  -0.380535E-004   0.205778E-003
  5.598958  -0.200369E-003  -0.275973E-004  -0.174486E-004   0.948413E-004
  5.779863  -0.899808E-004  -0.123434E-004  -0.813023E-005   0.443836E-004
  5.952076  -0.407550E-004  -0.557100E-005  -0.380872E-005   0.208703E-004
  6.118909  -0.184023E-004  -0.250757E-005  -0.177476E-005   0.975748E-005
  6.283185  -0.818913E-005  -0.111267E-005  -0.813783E-006   0.448766E-005
  6.447480  -0.354869E-005  -0.480876E-006  -0.363012E-006   0.200746E-005
  6.614368  -0.147705E-005  -0.199645E-006  -0.155464E-006   0.861976E-006
  6.786682  -0.580601E-006  -0.782860E-007  -0.628784E-007   0.349510E-006
  6.967740  -0.210886E-006  -0.283675E-007  -0.235121E-007   0.131012E-006
  7.161555  -0.687814E-007  -0.923032E-008  -0.790323E-008   0.441439E-007
  7.372640  -0.194434E-007  -0.260305E-008  -0.230626E-008   0.129129E-007
  7.604120  -0.461688E-008  -0.616618E-009  -0.566402E-009   0.317904E-008
  7.851983  -0.931905E-009  -0.124170E-009  -0.118381E-009   0.666014E-009
  8.100452  -0.175976E-009  -0.233969E-010  -0.231216E-010   0.130363E-009
  8.333108  -0.349129E-010  -0.463323E-011  -0.472962E-011   0.267159E-010
  8.545194  -0.762111E-011  -0.100979E-011  -0.106074E-011   0.600111E-011
  8.739660  -0.181452E-011  -0.240099E-012  -0.258731E-012   0.146571E-011
  8.921075  -0.459723E-012  -0.607593E-013  -0.670112E-013   0.380062E-012
  9.093548  -0.120885E-012  -0.159598E-013  -0.179854E-013   0.102113E-012
  9.260482  -0.322600E-013  -0.425498E-014  -0.489384E-014   0.278116E-013
  9.424778  -0.855952E-014  -0.112794E-014  -0.132305E-014   0.752557E-014
  9.589092  -0.221254E-014  -0.291309E-015  -0.348338E-015   0.198305E-014
  9.756084  -0.545044E-015  -0.717020E-016  -0.873973E-016   0.497948E-015
  9.928660  -0.124692E-015  -0.163901E-016  -0.203687E-016   0.116144E-015
 10.110233  -0.256493E-016  -0.336872E-017  -0.427081E-017   0.243719E-016
 10.304923  -0.455269E-017  -0.597443E-018  -0.773430E-018   0.441724E-017
 10.517293  -0.664243E-018  -0.870932E-019  -0.115286E-018   0.658970E-018
 10.750218  -0.767965E-019  -0.100604E-019  -0.136378E-019   0.780193E-019
 10.998794  -0.728841E-020  -0.953953E-021  -0.132551E-020   0.758944E-020
 11.246534  -0.661404E-021  -0.864980E-022  -0.123101E-021   0.705392E-021
 11.477741  -0.672203E-022  -0.878473E-023  -0.127772E-022   0.732665E-022
 11.688546  -0.803824E-023  -0.104984E-023  -0.155686E-023   0.893252E-023
 11.882143  -0.110597E-023  -0.144368E-024  -0.217856E-024   0.125060E-023
 12.063048  -0.168315E-024  -0.219605E-025  -0.336731E-025   0.193389E-024
 12.235262  -0.272991E-025  -0.356023E-026  -0.554139E-026   0.318382E-025
 12.402094  -0.456930E-026  -0.595666E-027  -0.940463E-027   0.540556E-026
 12.566371  -0.766900E-027  -0.999367E-028  -0.159984E-027   0.919890E-027
 12.730665  -0.125564E-027  -0.163565E-028  -0.265442E-028   0.152680E-027
 12.897554  -0.194783E-028  -0.253640E-029  -0.417286E-029   0.240102E-028
 13.069867  -0.276766E-029  -0.360266E-030  -0.601013E-030   0.345935E-029
 13.250925  -0.345520E-030  -0.449600E-031  -0.760933E-031   0.438135E-030
 13.444740  -0.359557E-031  -0.467689E-032  -0.803678E-032   0.462912E-031
 13.655825  -0.292995E-032  -0.380961E-033  -0.665415E-033   0.383416E-032
 13.887305  -0.177803E-033  -0.231090E-034  -0.410812E-034   0.236804E-033
 14.135168  -0.832457E-035  -0.108149E-035  -0.195858E-035   0.112943E-034
 14.383637  -0.363244E-036  -0.471720E-037  -0.870044E-037   0.501907E-036
 14.616293  -0.182791E-037  -0.237294E-038  -0.445097E-038   0.256852E-037
 14.828380  -0.114276E-038  -0.148304E-039  -0.282412E-039   0.163019E-038
 15.022845  -0.864718E-040  -0.112189E-040  -0.216579E-040   0.125050E-039
 15.204261  -0.752066E-041  -0.975494E-042  -0.190703E-041   0.110135E-040
 15.376734  -0.715695E-042  -0.928107E-043  -0.183598E-042   0.106055E-041
 15.543667  -0.714338E-043  -0.926150E-044  -0.185296E-043   0.107057E-042
 15.707963  -0.720319E-044  -0.933714E-045  -0.188879E-044   0.109148E-043
 15.872278  -0.708083E-045  -0.917672E-046  -0.187667E-045   0.108467E-044
 16.039269  -0.653689E-046  -0.847013E-047  -0.175123E-046   0.101236E-045
 16.211845  -0.543094E-047  -0.703574E-048  -0.147100E-047   0.850518E-047
 16.393419  -0.385484E-048  -0.499292E-049  -0.105609E-048   0.610731E-048
 16.588108  -0.219055E-049  -0.283669E-050  -0.607425E-050   0.351339E-049
 16.800479  -0.924750E-051  -0.119726E-051  -0.259781E-051   0.150289E-050
 17.033404  -0.275128E-052  -0.356123E-053  -0.783817E-053   0.453552E-052
 17.281979  -0.615575E-054  -0.796611E-055  -0.177977E-054   0.103008E-053
 17.529720  -0.132879E-055  -0.171919E-056  -0.389773E-056   0.225636E-055
 17.760926  -0.354880E-057  -0.459054E-058  -0.105487E-057   0.610767E-057
 17.971732  -0.125864E-058  -0.162782E-059  -0.378614E-059   0.219251E-058
 18.165329  -0.568518E-060  -0.735163E-061  -0.172875E-060   0.100124E-059
 18.346233  -0.306048E-061  -0.395701E-062  -0.939964E-062   0.544472E-061
 18.518447  -0.184763E-062  -0.238856E-063  -0.572822E-063   0.331846E-062
 18.685279  -0.118802E-063  -0.153565E-064  -0.371662E-064   0.215334E-063
 18.849556  -0.777675E-065  -0.100511E-065  -0.245440E-065   0.142219E-064
 19.013851  -0.496744E-066  -0.641948E-067  -0.158150E-066   0.916488E-066
 19.180739  -0.296268E-067  -0.382827E-068  -0.951561E-068   0.551493E-067
 19.353052  -0.156913E-068  -0.202734E-069  -0.508529E-069   0.294758E-068
 19.534110  -0.694364E-070  -0.897025E-071  -0.227150E-070   0.131677E-069
 19.727926  -0.237908E-071  -0.307307E-072  -0.786052E-072   0.455717E-071
 19.939010  -0.577354E-073  -0.745675E-074  -0.192817E-073   0.111800E-072
 20.170490  -0.926255E-075  -0.119613E-075  -0.312965E-075   0.181487E-074
 20.418354  -0.104097E-076  -0.134407E-077  -0.356097E-077   0.206526E-076
 20.666822  -0.108420E-078  -0.139970E-079  -0.375463E-079   0.217785E-078
 20.899479  -0.142421E-080  -0.183842E-081  -0.498844E-081   0.289385E-080
 21.111565  -0.261436E-082  -0.337432E-083  -0.925144E-083   0.536741E-082
 21.306030  -0.642603E-084  -0.829319E-085  -0.229528E-084   0.133177E-083
 21.487446  -0.195642E-085  -0.252465E-086  -0.704858E-086   0.409008E-085
 21.659919  -0.685963E-087  -0.885122E-088  -0.249158E-087   0.144590E-086
 21.826853  -0.260382E-088  -0.335954E-089  -0.953194E-089   0.553192E-088
 21.991148  -0.101381E-089  -0.130795E-090  -0.373977E-090   0.217055E-089
 22.155463  -0.384850E-091  -0.496470E-092  -0.143044E-091   0.830279E-091
 22.322454  -0.135162E-092  -0.174351E-093  -0.506236E-093   0.293857E-092
 22.495030  -0.413970E-094  -0.533955E-095  -0.156267E-094   0.907153E-094
 22.676604  -0.102942E-095  -0.132769E-096  -0.391779E-096   0.227449E-095
 22.871294  -0.190242E-097  -0.245343E-098  -0.730332E-098   0.424028E-097
 23.083664  -0.236221E-099  -0.304613E-100  -0.915379E-100   0.531507E-099
 23.316589  -0.183993E-101  -0.237242E-102  -0.720271E-102   0.418253E-101
 23.565165  -0.987669E-104  -0.127338E-104  -0.390803E-104   0.226954E-103
 23.812905  -0.515642E-106  -0.664746E-107  -0.206192E-106   0.119753E-105
 24.044111  -0.367284E-108  -0.473450E-109  -0.148302E-108   0.861379E-108
 24.254917  -0.391388E-110  -0.504483E-111  -0.159425E-110   0.926046E-110
 24.448514  -0.587066E-112  -0.756654E-113  -0.241043E-112   0.140022E-111
 24.629419  -0.112951E-113  -0.145571E-114  -0.467202E-114   0.271412E-113
 24.801632  -0.256249E-115  -0.330234E-116  -0.106734E-115   0.620082E-115
 24.968464  -0.638677E-117  -0.823034E-118  -0.267814E-117   0.155597E-116
 25.132741  -0.164465E-118  -0.211927E-119  -0.694180E-119   0.403328E-118
 25.297036  -0.413282E-120  -0.532523E-121  -0.175580E-120   0.102019E-119
 25.463924  -0.955554E-122  -0.123119E-122  -0.408638E-122   0.237446E-121
 25.636238  -0.190214E-123  -0.245070E-124  -0.818947E-124   0.475884E-123
 25.817296  -0.300899E-125  -0.387655E-126  -0.130464E-125   0.758154E-125
 26.011111  -0.342449E-127  -0.441159E-128  -0.149596E-127   0.869373E-127
 26.222195  -0.249810E-129  -0.321798E-130  -0.110016E-129   0.639386E-129
 26.453676  -0.107003E-131  -0.137829E-132  -0.475417E-132   0.276317E-131
 26.701539  -0.291616E-134  -0.375602E-135  -0.130789E-134   0.760201E-134
 26.950008  -0.732156E-137  -0.942957E-138  -0.331452E-137   0.192665E-136
 27.182664  -0.253304E-139  -0.326215E-140  -0.115673E-139   0.672412E-139
 27.394750  -0.137605E-141  -0.177204E-142  -0.633341E-142   0.368182E-141
 27.589216  -0.110640E-143  -0.142472E-144  -0.512890E-144   0.298172E-143
 27.770631  -0.118666E-145  -0.152800E-146  -0.553762E-146   0.321946E-145
 27.943104  -0.154202E-147  -0.198550E-148  -0.724123E-148   0.421005E-147
 28.110038  -0.223847E-149  -0.288213E-150  -0.105754E-149   0.614876E-149
 28.274334  -0.338334E-151  -0.435604E-152  -0.160790E-151   0.934898E-151
