 nmodes=            2  nfields=            2  max_plot=          289
 ky=   2.7679159225490350E-002   width=    1.000000000000000     
 theta     ((Re(field_i), Im(field_i),i=(1,nfields)),j=1,nmodes)
Tearing metric:  [   0.523449E-003   0.199732E+001   0.199703E+001   0.133569E-002 ]
DEP: [   0.477824E-004   0.924543E-003   0.000000E+000   0.000000E+000]
chi_th: [  -0.267983E+001  -0.281911E+002   0.000000E+000   0.000000E+000]
chi_i: [  -0.156523E+002  -0.102373E+003   0.000000E+000   0.000000E+000]
chi_i_cond: [  -0.661877E+001  -0.557735E+002   0.000000E+000   0.000000E+000]
chi_e: [   0.407684E+001   0.191728E+003   0.000000E+000   0.000000E+000]
chi_e_cond: [   0.308403E+000  -0.726606E+001   0.000000E+000   0.000000E+000]
i_QL_cond_flux: [  -0.502125E-005  -0.423119E-004   0.000000E+000   0.000000E+000]
e_QL_cond_flux: [   0.308403E-006  -0.726606E-005   0.000000E+000   0.000000E+000]
QL_ratio: [   0.239128E+003   0.245993E+003             NaN             NaN]
EP QL convective fraction: [   0.483435E+000   0.107908E+001             NaN             NaN]
<theta^2>: [   0.120336E+001   0.491893E+001   0.454102E+001   0.333249E+001]
 Mode kept T/F for each mode:    T  F  F  F
 Theta      Re(phi)        Im(phi)        Re(B_per)        Im(B_per)
-28.274334   0.119033E-168  -0.108449E-170  -0.365264E-170   0.102229E-168
-28.108600   0.217776E-166  -0.198446E-168  -0.663804E-168   0.185790E-166
-27.939525   0.432832E-164  -0.394485E-166  -0.131025E-165   0.366737E-164
-27.763249   0.106466E-161  -0.970526E-164  -0.319955E-163   0.895582E-162
-27.574819   0.379767E-159  -0.346261E-161  -0.113232E-160   0.316960E-159
-27.367544   0.239019E-156  -0.217984E-158  -0.706426E-158   0.197753E-156
-27.133704   0.318648E-153  -0.290685E-155  -0.932394E-155   0.261024E-153
-26.873312   0.771100E-150  -0.703654E-152  -0.223148E-151   0.624745E-150
-26.611343   0.129026E-146  -0.117777E-148  -0.369386E-148   0.103423E-146
-26.375414   0.634119E-144  -0.578993E-146  -0.179882E-145   0.503673E-144
-26.167056   0.989999E-142  -0.904142E-144  -0.278706E-143   0.780420E-142
-25.977963   0.706898E-140  -0.645721E-142  -0.197713E-141   0.553650E-140
-25.800813   0.310643E-138  -0.283810E-140  -0.863772E-140   0.241888E-138
-25.630474   0.102959E-136  -0.940815E-139  -0.284722E-138   0.797356E-137
-25.463541   0.293868E-135  -0.268575E-137  -0.808366E-137   0.226388E-135
-25.297961   0.781682E-134  -0.714523E-136  -0.213898E-135   0.599057E-134
-25.132741   0.201374E-132  -0.184104E-134  -0.548151E-134   0.153524E-132
-24.967523   0.510048E-131  -0.466386E-133  -0.138107E-132   0.386819E-131
-24.801952   0.128890E-129  -0.117877E-131  -0.347143E-131   0.972335E-130
-24.635046   0.337063E-128  -0.308319E-130  -0.902893E-130   0.252906E-128
-24.464766   0.981951E-127  -0.898384E-129  -0.261544E-128   0.732630E-127
-24.287725   0.359632E-125  -0.329094E-127  -0.952010E-127   0.266686E-125
-24.098807   0.198319E-123  -0.181523E-125  -0.521357E-125   0.146055E-123
-23.890717   0.212462E-121  -0.194523E-123  -0.553968E-123   0.155200E-121
-23.655166   0.594637E-119  -0.544626E-121  -0.153489E-120   0.430047E-119
-23.393454   0.442968E-116  -0.405892E-118  -0.112965E-117   0.316534E-116
-23.132778   0.396365E-113  -0.363361E-115  -0.997991E-115   0.279670E-113
-22.898574   0.184046E-110  -0.168797E-112  -0.457961E-112   0.128348E-110
-22.691038   0.402515E-108  -0.369318E-110  -0.991019E-110   0.277766E-108
-22.502430   0.499942E-106  -0.458885E-108  -0.121903E-107   0.341701E-106
-22.326041   0.423820E-104  -0.389157E-106  -0.102407E-105   0.287075E-104
-22.156902   0.282487E-102  -0.259477E-104  -0.676626E-104   0.189690E-102
-21.991148   0.165349E-100  -0.151935E-102  -0.392649E-102   0.110086E-100
-21.825415   0.934237E-099  -0.858765E-101  -0.219927E-100   0.616655E-099
-21.656339   0.558212E-097  -0.513316E-099  -0.130233E-098   0.365189E-097
-21.480064   0.389762E-095  -0.358564E-097  -0.900729E-097   0.252598E-095
-21.291633   0.358759E-093  -0.330195E-095  -0.820568E-095   0.230139E-093
-21.084359   0.504798E-091  -0.464853E-093  -0.114134E-092   0.320140E-091
-20.850519   0.124364E-088  -0.114594E-090  -0.277505E-090   0.778484E-089
-20.590126   0.474170E-086  -0.437225E-088  -0.104270E-087   0.292550E-086
-20.328157   0.133799E-083  -0.123461E-085  -0.290047E-085   0.813908E-084
-20.092229   0.146537E-081  -0.135299E-083  -0.313801E-083   0.880678E-082
-19.883871   0.666073E-080  -0.615314E-082  -0.141194E-081   0.396303E-080
-19.694777   0.166382E-078  -0.153773E-080  -0.349632E-080   0.981436E-079
-19.517628   0.286556E-077  -0.264952E-079  -0.597452E-079   0.167723E-077
-19.347289   0.397170E-076  -0.367372E-078  -0.821997E-078   0.230779E-076
-19.180356   0.489793E-075  -0.453224E-077  -0.100648E-076   0.282595E-075
-19.014776   0.570414E-074  -0.528034E-076  -0.116388E-075   0.326816E-074
-18.849556   0.645760E-073  -0.598022E-075  -0.130829E-074   0.367398E-073
-18.684338   0.718707E-072  -0.665848E-074  -0.144570E-073   0.406021E-072
-18.518766   0.794992E-071  -0.736832E-073  -0.158761E-072   0.445916E-071
-18.351861   0.897977E-070  -0.832646E-072  -0.178004E-071   0.500008E-070
-18.181581   0.109361E-068  -0.101451E-070  -0.215108E-070   0.604291E-069
-18.004539   0.156930E-067  -0.145654E-069  -0.306090E-069   0.859974E-068
-17.815622   0.302705E-066  -0.281119E-068  -0.584835E-068   0.164332E-066
-17.607531   0.944261E-065  -0.877546E-067  -0.180386E-066   0.506940E-065
-17.371980   0.588989E-063  -0.547864E-065  -0.110962E-064   0.311896E-063
-17.110268   0.738473E-061  -0.687672E-063  -0.136810E-062   0.384639E-061
-16.849593   0.103422E-058  -0.964240E-061  -0.188225E-060   0.529327E-059
-16.615389   0.880232E-057  -0.821626E-059  -0.157571E-058   0.443229E-057
-16.407853   0.427109E-055  -0.399102E-057  -0.753244E-057   0.211928E-055
-16.219245   0.135944E-053  -0.127159E-055  -0.236489E-055   0.665513E-054
-16.042855   0.325027E-052  -0.304321E-054  -0.558168E-054   0.157109E-052
-15.873717   0.647241E-051  -0.606596E-053  -0.109772E-052   0.309041E-051
-15.707963   0.116280E-049  -0.109085E-051  -0.194788E-051   0.548503E-050
-15.542230   0.201623E-048  -0.189340E-050  -0.333550E-050   0.939444E-049
-15.373154   0.359780E-047  -0.338226E-049  -0.587520E-049   0.165513E-047
-15.196878   0.708012E-046  -0.666379E-048  -0.114035E-047   0.321335E-046
-15.008448   0.166839E-044  -0.157235E-046  -0.264703E-046   0.746104E-045
-14.801174   0.520076E-043  -0.490884E-045  -0.811286E-045   0.228748E-043
-14.567333   0.234271E-041  -0.221520E-043  -0.358409E-043   0.101095E-041
-14.306941   0.139030E-039  -0.131738E-041  -0.208124E-041   0.587312E-040
-14.044972   0.653497E-038  -0.620548E-040  -0.957524E-040   0.270333E-038
-13.809044   0.157776E-036  -0.150107E-038  -0.226950E-038   0.641003E-037
-13.600686   0.206885E-035  -0.197152E-037  -0.293028E-037   0.827930E-036
-13.411592   0.179336E-034  -0.171148E-036  -0.250641E-036   0.708392E-035
-13.234443   0.120158E-033  -0.114826E-035  -0.165919E-035   0.469080E-034
-13.064104   0.691544E-033  -0.661712E-035  -0.944115E-035   0.266992E-033
-12.897171   0.365916E-032  -0.350580E-034  -0.494056E-034   0.139756E-032
-12.731591   0.185276E-031  -0.177742E-033  -0.247413E-033   0.700072E-032
-12.566371   0.915187E-031  -0.879142E-033  -0.120862E-032   0.342086E-031
-12.401152   0.444316E-030  -0.427404E-032  -0.580212E-032   0.164273E-030
-12.235581   0.213523E-029  -0.205689E-031  -0.275660E-031   0.780713E-030
-12.068675   0.103363E-028  -0.997195E-031  -0.131882E-030   0.373634E-029
-11.898395   0.521878E-028  -0.504290E-030  -0.657674E-030   0.186392E-028
-11.721354   0.290739E-027  -0.281442E-029  -0.361483E-029   0.102489E-027
-11.532437   0.194100E-026  -0.188285E-028  -0.237652E-028   0.674115E-027
-11.324346   0.174047E-025  -0.169265E-027  -0.209222E-027   0.593812E-026
-11.088795   0.238035E-024  -0.232257E-026  -0.279678E-026   0.794372E-025
-10.827083   0.492191E-023  -0.482251E-025  -0.562400E-025   0.159891E-023
-10.566407   0.105494E-021  -0.103849E-023  -0.116988E-023   0.332954E-022
-10.332204   0.161040E-020  -0.159265E-022  -0.173608E-022   0.494629E-021
-10.124667   0.169882E-019  -0.168752E-021  -0.178468E-021   0.508996E-020
 -9.936059   0.135924E-018  -0.135595E-020  -0.139405E-020   0.397985E-019
 -9.759670   0.899552E-018  -0.901153E-020  -0.901694E-020   0.257679E-018
 -9.590531   0.525304E-017  -0.528478E-019  -0.514878E-019   0.147287E-017
 -9.424778   0.284211E-016  -0.287188E-018  -0.272379E-018   0.779991E-017
 -9.259044   0.148270E-015  -0.150523E-017  -0.138859E-017   0.398087E-016
 -9.089969   0.773610E-015  -0.789341E-017  -0.707167E-017   0.202984E-015
 -8.913693   0.419235E-014  -0.430178E-016  -0.373351E-016   0.107315E-014
 -8.725263   0.246370E-013  -0.254447E-015  -0.213138E-015   0.613626E-014
 -8.517988   0.165010E-012  -0.171745E-014  -0.138090E-014   0.398338E-013
 -8.284148   0.131002E-011  -0.137653E-013  -0.105434E-013   0.304880E-012
 -8.023756   0.115891E-010  -0.123185E-012  -0.891835E-013   0.258663E-011
 -7.761787   0.867573E-010  -0.933613E-012  -0.637928E-012   0.185629E-010
 -7.525858   0.443370E-009  -0.482621E-011  -0.313106E-011   0.913940E-010
 -7.317500   0.161868E-008  -0.178014E-010  -0.110411E-010   0.323201E-009
 -7.128407   0.471684E-008  -0.523621E-010  -0.312001E-010   0.915732E-009
 -6.951258   0.119353E-007  -0.133682E-009  -0.767373E-010   0.225804E-008
 -6.780918   0.277130E-007  -0.313148E-009  -0.173374E-009   0.511477E-008
 -6.613985   0.611254E-007  -0.696931E-009  -0.372144E-009   0.110081E-007
 -6.448405   0.130634E-006  -0.150345E-008  -0.773612E-009   0.229483E-007
 -6.283185   0.273037E-006  -0.317350E-008  -0.157144E-008   0.467567E-007
 -6.117967   0.560020E-006  -0.657752E-008  -0.312923E-008   0.934132E-007
 -5.952396   0.113066E-005  -0.134287E-007  -0.612589E-008   0.183524E-006
 -5.785490   0.226364E-005  -0.272106E-007  -0.118709E-007   0.357044E-006
 -5.615210   0.455833E-005  -0.555303E-007  -0.230743E-007   0.697131E-006
 -5.438169   0.943764E-005  -0.116749E-006  -0.459085E-007   0.139439E-005
 -5.249251   0.207073E-004  -0.260970E-006  -0.960880E-007   0.293801E-005
 -5.041161   0.500222E-004  -0.645692E-006  -0.218758E-006   0.674901E-005
 -4.805610   0.137705E-003  -0.183640E-005  -0.556598E-006   0.173957E-004
 -4.543898   0.419720E-003  -0.585199E-005  -0.152706E-005   0.486539E-004
 -4.283222   0.120751E-002  -0.177771E-004  -0.386881E-005   0.126557E-003
 -4.049018   0.288822E-002  -0.450861E-004  -0.806278E-005   0.272477E-003
 -3.841482   0.579272E-002  -0.960654E-004  -0.139709E-004   0.491026E-003
 -3.652874   0.101852E-001  -0.179862E-003  -0.209406E-004   0.772495E-003
 -3.476485   0.162578E-001  -0.306802E-003  -0.278730E-004   0.109434E-002
 -3.307346   0.241032E-001  -0.488490E-003  -0.332574E-004   0.142098E-002
 -3.141592   0.336693E-001  -0.737610E-003  -0.352763E-004   0.170449E-002
 -2.975859   0.447055E-001  -0.106719E-002  -0.321166E-004   0.188882E-002
 -2.806783   0.567222E-001  -0.148873E-002  -0.227521E-004   0.192352E-002
 -2.630508   0.690426E-001  -0.200770E-002  -0.876477E-005   0.179895E-002
 -2.442077   0.812096E-001  -0.261290E-002   0.158659E-005   0.163084E-002
 -2.234803   0.945665E-001  -0.325170E-002  -0.149989E-004   0.184545E-002
 -2.000963   0.116992E+000  -0.378005E-002  -0.108583E-003   0.347101E-002
 -1.740570   0.169970E+000  -0.393106E-002  -0.339089E-003   0.789313E-002
 -1.478601   0.273117E+000  -0.354950E-002  -0.663450E-003   0.144686E-001
 -1.242673   0.409268E+000  -0.286657E-002  -0.931092E-003   0.200772E-001
 -1.034315   0.549119E+000  -0.215146E-002  -0.106853E-002   0.230291E-001
 -0.845221   0.677000E+000  -0.151463E-002  -0.108107E-002   0.233363E-001
 -0.668072   0.787026E+000  -0.983617E-003  -0.991941E-003   0.214506E-001
 -0.497733   0.876688E+000  -0.562590E-003  -0.821675E-003   0.177957E-001
 -0.330800   0.943790E+000  -0.254164E-003  -0.587251E-003   0.127331E-001
 -0.165220   0.985698E+000  -0.643282E-004  -0.306201E-003   0.664380E-002
  0.000000   0.100000E+001   0.254734E-016   0.192864E-007  -0.614699E-006
  0.165218   0.985693E+000  -0.642716E-004   0.306237E-003  -0.664496E-002
  0.330790   0.943782E+000  -0.254044E-003   0.587272E-003  -0.127339E-001
  0.497695   0.876688E+000  -0.562364E-003   0.821662E-003  -0.177958E-001
  0.667975   0.787060E+000  -0.983173E-003   0.991889E-003  -0.214497E-001
  0.845016   0.677113E+000  -0.151375E-002   0.108103E-002  -0.233356E-001
  1.033934   0.549369E+000  -0.214985E-002   0.106867E-002  -0.230322E-001
  1.242024   0.409691E+000  -0.286404E-002   0.931718E-003  -0.200905E-001
  1.477576   0.273641E+000  -0.354672E-002   0.664799E-003  -0.144964E-001
  1.739288   0.170344E+000  -0.393023E-002   0.340556E-003  -0.792197E-002
  1.999963   0.117129E+000  -0.378155E-002   0.109241E-003  -0.348287E-002
  2.234167   0.946140E-001  -0.325351E-002   0.151322E-004  -0.184737E-002
  2.441703   0.812340E-001  -0.261408E-002  -0.159414E-005  -0.163054E-002
  2.630311   0.690564E-001  -0.200824E-002   0.874901E-005  -0.179871E-002
  2.806701   0.567283E-001  -0.148888E-002   0.227483E-004  -0.192351E-002
  2.975839   0.447067E-001  -0.106716E-002   0.321187E-004  -0.188887E-002
  3.141593   0.336689E-001  -0.737550E-003   0.352788E-004  -0.170452E-002
  3.307326   0.241040E-001  -0.488474E-003   0.332599E-004  -0.142106E-002
  3.476402   0.162612E-001  -0.306852E-003   0.278777E-004  -0.109453E-002
  3.652678   0.101911E-001  -0.179965E-003   0.209499E-004  -0.772870E-003
  3.841108   0.580013E-002  -0.961917E-004   0.139851E-004  -0.491561E-003
  4.048382   0.289532E-002  -0.452011E-004   0.807938E-005  -0.273065E-003
  4.282223   0.121257E-002  -0.178542E-004   0.388297E-005  -0.127035E-003
  4.542615   0.422049E-003  -0.588526E-005   0.153471E-005  -0.489026E-004
  4.804584   0.138345E-003  -0.184501E-005   0.558992E-006  -0.174716E-004
  5.040512   0.501687E-004  -0.647555E-006   0.219364E-006  -0.676787E-005
  5.248870   0.207410E-004  -0.261371E-006   0.962395E-007  -0.294267E-005
  5.437964   0.944531E-005  -0.116830E-006   0.459461E-007  -0.139553E-005
  5.615113   0.455990E-005  -0.555417E-007   0.230831E-007  -0.697392E-006
  5.785452   0.226388E-005  -0.272094E-007   0.118727E-007  -0.357095E-006
  5.952385   0.113066E-005  -0.134266E-007   0.612622E-008  -0.183533E-006
  6.117965   0.560004E-006  -0.657629E-008   0.312931E-008  -0.934152E-007
  6.283185   0.273028E-006  -0.317288E-008   0.157148E-008  -0.467575E-007
  6.448404   0.130630E-006  -0.150316E-008   0.773632E-009  -0.229488E-007
  6.613975   0.611254E-007  -0.696813E-009   0.372164E-009  -0.110086E-007
  6.780881   0.277162E-007  -0.313131E-009   0.173404E-009  -0.511562E-008
  6.951161   0.119403E-007  -0.133715E-009   0.767731E-010  -0.225908E-008
  7.128202   0.472185E-008  -0.524087E-010   0.312341E-010  -0.916728E-009
  7.317119   0.162238E-008  -0.178391E-010   0.110663E-010  -0.323939E-009
  7.525210   0.445352E-009  -0.484701E-011   0.314488E-011  -0.917980E-010
  7.760761   0.874401E-010  -0.940819E-012   0.642868E-012  -0.187068E-010
  8.022473   0.117130E-010  -0.124484E-012   0.901222E-013  -0.261389E-011
  8.283148   0.132221E-011  -0.138910E-013   0.106403E-013  -0.307685E-012
  8.517352   0.166046E-012  -0.172788E-014   0.138950E-014  -0.400821E-013
  8.724889   0.247289E-013  -0.255339E-015   0.213934E-015  -0.615919E-014
  8.913497   0.420045E-014  -0.430908E-016   0.374087E-016  -0.107526E-014
  9.089886   0.774204E-015  -0.789752E-017   0.707752E-017  -0.203152E-015
  9.259025   0.148286E-015  -0.150501E-017   0.138884E-017  -0.398158E-016
  9.424778   0.284180E-016  -0.287082E-018   0.272370E-018  -0.779964E-017
  9.590512   0.525363E-017  -0.528397E-019   0.514975E-019  -0.147314E-017
  9.759587   0.900305E-018  -0.901663E-020   0.902509E-020  -0.257911E-018
  9.935863   0.136224E-018  -0.135857E-020   0.139720E-020  -0.398884E-019
 10.124293   0.170644E-019  -0.169462E-021   0.179273E-021  -0.511295E-020
 10.331568   0.162327E-020  -0.160493E-022   0.174995E-022  -0.498580E-021
 10.565408   0.106828E-021  -0.105133E-023   0.118461E-023  -0.337149E-022
 10.825800   0.499868E-023  -0.489632E-025   0.571137E-025  -0.162375E-023
 11.087769   0.240962E-024  -0.235041E-026   0.283111E-026  -0.804123E-025
 11.323697   0.175336E-025  -0.170464E-027   0.210776E-027  -0.598224E-026
 11.532056   0.194871E-026  -0.188971E-028   0.238610E-028  -0.676832E-027
 11.721149   0.291297E-027  -0.281889E-029   0.362206E-029  -0.102694E-027
 11.898298   0.522288E-028  -0.504514E-030   0.658249E-030  -0.186555E-028
 12.068638   0.103386E-028  -0.997069E-031   0.131923E-030  -0.373749E-029
 12.235571   0.213520E-029  -0.205614E-031   0.275683E-031  -0.780774E-030
 12.401151   0.444281E-030  -0.427219E-032   0.580222E-032  -0.164276E-030
 12.566371   0.915107E-031  -0.878751E-033   0.120863E-032  -0.342089E-031
 12.731589   0.185261E-031  -0.177663E-033   0.247418E-033  -0.700083E-032
 12.897160   0.365911E-032  -0.350446E-034   0.494097E-034  -0.139768E-032
 13.064066   0.691705E-033  -0.661621E-035   0.944427E-035  -0.267080E-033
 13.234346   0.120262E-033  -0.114882E-035   0.166078E-035  -0.469527E-034
 13.411387   0.179722E-034  -0.171452E-036   0.251202E-036  -0.709978E-035
 13.600305   0.207832E-035  -0.197979E-037   0.294392E-037  -0.831782E-036
 13.808395   0.159168E-036  -0.151373E-038   0.228964E-038  -0.646690E-037
 14.043946   0.663470E-038  -0.629774E-040   0.972156E-040  -0.274464E-038
 14.305658   0.141856E-039  -0.134363E-041   0.212354E-041  -0.599250E-040
 14.566334   0.238329E-041  -0.225266E-043   0.364624E-043  -0.102848E-041
 14.800537   0.526035E-043  -0.496301E-045   0.820626E-045  -0.231381E-043
 15.008074   0.167957E-044  -0.158221E-046   0.266497E-046  -0.751163E-045
 15.196682   0.710435E-046  -0.668368E-048   0.114437E-047  -0.322466E-046
 15.373071   0.360261E-047  -0.338529E-049   0.588371E-049  -0.165753E-047
 15.542210   0.201659E-048  -0.189289E-050   0.333650E-050  -0.939724E-049
 15.707963   0.116258E-049  -0.109015E-051   0.194775E-051  -0.548464E-050
 15.873697   0.647361E-051  -0.606430E-053   0.109805E-052  -0.309135E-051
 16.042773   0.325484E-052  -0.304607E-054   0.559017E-054  -0.157348E-052
 16.219048   0.136446E-053  -0.127569E-055   0.237388E-055  -0.668041E-054
 16.407478   0.430284E-055  -0.401878E-057   0.758917E-057  -0.213524E-055
 16.614753   0.891786E-057  -0.832010E-059   0.159651E-058  -0.449082E-057
 16.848593   0.105550E-058  -0.983599E-061   0.192108E-060  -0.540247E-059
 17.108986   0.757024E-061  -0.704597E-063   0.140253E-062  -0.394319E-061
 17.370955   0.600518E-063  -0.558306E-065   0.113142E-064  -0.318023E-063
 17.606883   0.955279E-065  -0.887329E-067   0.182509E-066  -0.512905E-065
 17.815241   0.304585E-066  -0.282718E-068   0.588536E-068  -0.165372E-066
 18.004334   0.157398E-067  -0.146011E-069   0.307043E-069  -0.862649E-068
 18.181484   0.109494E-068  -0.101520E-070   0.215398E-070  -0.605105E-069
 18.351823   0.898276E-070  -0.832476E-072   0.178088E-071  -0.500243E-070
 18.518756   0.794971E-071  -0.736414E-073   0.158780E-072  -0.445967E-071
 18.684336   0.718617E-072  -0.665402E-074   0.144572E-073  -0.406027E-072
 18.849556   0.645672E-073  -0.597612E-075   0.130830E-074  -0.367401E-073
 19.014774   0.570342E-074  -0.527676E-076   0.116390E-075  -0.326822E-074
 19.180345   0.489779E-075  -0.452959E-077   0.100660E-076  -0.282628E-075
 19.347251   0.397308E-076  -0.367294E-078   0.822402E-078  -0.230892E-076
 19.517531   0.286924E-077  -0.265142E-079   0.598304E-079  -0.167962E-077
 19.694572   0.166917E-078  -0.154179E-080   0.350803E-080  -0.984724E-079
 19.883490   0.670609E-080  -0.619149E-082   0.142175E-081  -0.399054E-080
 20.091580   0.148452E-081  -0.136988E-083   0.317940E-083  -0.892293E-082
 20.327131   0.136812E-083  -0.126168E-085   0.296607E-085  -0.832315E-084
 20.588844   0.488311E-086  -0.449998E-088   0.107388E-087  -0.301300E-086
 20.849519   0.127500E-088  -0.117413E-090   0.284531E-090  -0.798195E-089
 21.083723   0.513157E-091  -0.472262E-093   0.116038E-092  -0.325480E-091
 21.291259   0.362210E-093  -0.333166E-095   0.828576E-095  -0.232385E-093
 21.479867   0.391666E-095  -0.360091E-097   0.905268E-097  -0.253870E-095
 21.656256   0.559273E-097  -0.513967E-099   0.130501E-098  -0.365941E-097
 21.825395   0.934475E-099  -0.858436E-101   0.220020E-100  -0.616913E-099
 21.991149   0.165304E-100  -0.151796E-102   0.392607E-102  -0.110075E-100
 22.156882   0.282560E-102  -0.259376E-104   0.676914E-104  -0.189771E-102
 22.325958   0.424653E-104  -0.389668E-106   0.102626E-105  -0.287687E-104
 22.502233   0.502518E-106  -0.460946E-108   0.122551E-107  -0.343516E-106
 22.690664   0.406682E-108  -0.372892E-110   0.100143E-109  -0.280684E-108
 22.897938   0.187400E-110  -0.171757E-112   0.466371E-112  -0.130705E-110
 23.131779   0.407650E-113  -0.373453E-115   0.102653E-114  -0.287669E-113
 23.392171   0.458305E-116  -0.419656E-118   0.116889E-117  -0.327531E-116
 23.654140   0.610590E-119  -0.558848E-121   0.157628E-120  -0.441642E-119
 23.890068   0.215842E-121  -0.197478E-123   0.562868E-123  -0.157693E-121
 24.098426   0.199992E-123  -0.182924E-125   0.525843E-125  -0.147311E-123
 24.287520   0.361083E-125  -0.330186E-127   0.956023E-127  -0.267810E-125
 24.464669   0.983556E-127  -0.899203E-129   0.262019E-128  -0.733961E-127
 24.635008   0.337214E-128  -0.308233E-130   0.903464E-130  -0.253066E-128
 24.801941   0.128885E-129  -0.117787E-131   0.347195E-131  -0.972481E-130
 24.967521   0.509961E-131  -0.465964E-133   0.138110E-132  -0.386826E-131
 25.132741   0.201336E-132  -0.183934E-134   0.548154E-134  -0.153525E-132
 25.297960   0.781547E-134  -0.713870E-136   0.213902E-135  -0.599068E-134
 25.463531   0.293857E-135  -0.268365E-137   0.808490E-137  -0.226423E-135
 25.630437   0.103006E-136  -0.940543E-139   0.284908E-138  -0.797876E-137
 25.800716   0.311173E-138  -0.284081E-140   0.865411E-140  -0.242347E-138
 25.977758   0.709912E-140  -0.647983E-142   0.198594E-141  -0.556115E-140
 26.166675   0.998940E-142  -0.911612E-144   0.281274E-143  -0.787611E-142
 26.374766   0.645096E-144  -0.588563E-146   0.183027E-145  -0.512479E-144
 26.610317   0.132868E-146  -0.121191E-148   0.380445E-148  -0.106519E-146
 26.872029   0.801440E-150  -0.730767E-152   0.231962E-151  -0.649420E-150
 27.132704   0.329205E-153  -0.300078E-155   0.963437E-155  -0.269715E-153
 27.366908   0.244196E-156  -0.222526E-158   0.721851E-158  -0.202071E-156
 27.574444   0.384526E-159  -0.350317E-161   0.114673E-160  -0.320993E-159
 27.763053   0.107142E-161  -0.975889E-164   0.322050E-163  -0.901445E-162
 27.939442   0.433897E-164  -0.395131E-166   0.131375E-165  -0.367715E-164
 28.108580   0.217847E-166  -0.198347E-168   0.664163E-168  -0.185890E-166
 28.274334   0.118991E-168  -0.108321E-170   0.365212E-170  -0.102215E-168
