 nmodes=            3  nfields=            2  max_plot=          289
 ky=   0.1629825980375854        width=    1.000000000000000     
 theta     ((Re(field_i), Im(field_i),i=(1,nfields)),j=1,nmodes)
Tearing metric:  [   0.132369E-003   0.199814E+001   0.199717E+001   0.199747E+001 ]
DEP: [   0.164597E-001  -0.158009E+000   0.300180E-001   0.000000E+000]
chi_th: [  -0.262911E+004   0.119334E+005   0.642924E+006   0.000000E+000]
chi_i: [  -0.135073E+005   0.230582E+006   0.171538E+007   0.000000E+000]
chi_i_cond: [  -0.818967E+004   0.737918E+005   0.176717E+007   0.000000E+000]
chi_e: [   0.960101E+004  -0.402766E+005  -0.954694E+004   0.000000E+000]
chi_e_cond: [   0.541891E+003  -0.233425E+005   0.180461E+004   0.000000E+000]
i_QL_cond_flux: [  -0.467031E-002   0.420811E-001   0.100776E+001   0.000000E+000]
e_QL_cond_flux: [   0.541891E-003  -0.233425E-001   0.180461E-002   0.000000E+000]
QL_ratio: [   0.193774E+002   0.141979E+003  -0.103129E-001             NaN]
EP QL convective fraction: [   0.175922E+001  -0.255806E+000  -0.279372E+002             NaN]
<theta^2>: [   0.229002E+001   0.247189E+001   0.474198E+001   0.177823E+002]
 Mode kept T/F for each mode:    T  F  F  F
 Theta      Re(phi)        Im(phi)        Re(B_per)        Im(B_per)
-28.274334   0.288435E-168   0.475540E-170  -0.225886E-168   0.780611E-168
-28.109396   0.384038E-166   0.633121E-168  -0.298887E-166   0.103290E-165
-27.941671   0.530897E-164   0.875177E-166  -0.410561E-164   0.141884E-163
-27.768104   0.820946E-162   0.135323E-163  -0.630690E-162   0.217961E-161
-27.585130   0.155014E-159   0.255504E-161  -0.118264E-159   0.408718E-159
-27.388529   0.396635E-157   0.653705E-159  -0.300352E-157   0.103803E-156
-27.173894   0.152753E-154   0.251734E-156  -0.114734E-154   0.396533E-154
-26.939296   0.912223E-152   0.150318E-153  -0.679115E-152   0.234713E-151
-26.691422   0.685636E-149   0.112969E-150  -0.505663E-149   0.174769E-148
-26.446900   0.410325E-146   0.675997E-148  -0.299837E-146   0.103633E-145
-26.219129   0.139795E-143   0.230284E-145  -0.101281E-143   0.350066E-143
-26.010592   0.263519E-141   0.434053E-143  -0.189430E-141   0.654757E-141
-25.818084   0.308869E-139   0.508704E-141  -0.220430E-139   0.761923E-139
-25.637443   0.256499E-137   0.422415E-139  -0.181815E-137   0.628458E-137
-25.464985   0.168085E-135   0.276787E-137  -0.118369E-135   0.409161E-135
-25.297634   0.945531E-134   0.155688E-135  -0.661639E-134   0.228709E-133
-25.132741   0.488678E-132   0.804574E-134  -0.339802E-132   0.117462E-131
-24.967858   0.246292E-130   0.405467E-132  -0.170175E-130   0.588264E-130
-24.800536   0.128274E-128   0.211156E-130  -0.880570E-129   0.304403E-128
-24.628127   0.735299E-127   0.121029E-128  -0.501377E-127   0.173324E-126
-24.447561   0.500017E-125   0.822934E-127  -0.338527E-125   0.117030E-124
-24.255156   0.442368E-123   0.727973E-125  -0.297207E-123   0.102747E-122
-24.046754   0.566631E-121   0.932346E-123  -0.377492E-121   0.130506E-120
-23.819145   0.114529E-118   0.188420E-120  -0.755849E-119   0.261319E-118
-23.574738   0.347403E-116   0.571449E-118  -0.226918E-116   0.784544E-116
-23.326806   0.115412E-113   0.189810E-115  -0.745811E-114   0.257865E-113
-23.092043   0.281668E-111   0.463160E-113  -0.180141E-111   0.622861E-111
-22.877256   0.429206E-109   0.705647E-111  -0.271857E-109   0.940008E-109
-22.680537   0.427416E-107   0.702594E-109  -0.268291E-107   0.927707E-107
-22.497479   0.308492E-105   0.507028E-107  -0.191995E-105   0.663906E-105
-22.323855   0.177658E-103   0.291950E-105  -0.109662E-103   0.379215E-103
-22.156098   0.882061E-102   0.144930E-103  -0.540096E-102   0.186772E-101
-21.991149   0.402017E-100   0.660446E-102  -0.244195E-100   0.844481E-100
-21.826211   0.177645E-098   0.291795E-100  -0.107038E-098   0.370171E-098
-21.658486   0.802397E-097   0.131779E-098  -0.479499E-097   0.165831E-096
-21.484918   0.392251E-095   0.644088E-097  -0.232401E-095   0.803769E-095
-21.301945   0.221860E-093   0.364233E-095  -0.130263E-093   0.450535E-093
-21.105344   0.157082E-091   0.257832E-093  -0.913348E-092   0.315907E-091
-20.890709   0.150601E-089   0.247139E-091  -0.866389E-090   0.299678E-089
-20.656110   0.199482E-087   0.327270E-089  -0.113428E-087   0.392358E-087
-20.408237   0.310453E-085   0.509186E-087  -0.174361E-085   0.603161E-085
-20.163714   0.400285E-083   0.656338E-085  -0.222091E-083   0.768311E-083
-19.935944   0.332100E-081   0.544389E-083  -0.182181E-081   0.630275E-081
-19.727406   0.174087E-079   0.285297E-081  -0.945120E-080   0.326989E-079
-19.534899   0.631567E-078   0.103477E-079  -0.339595E-078   0.117497E-077
-19.354257   0.175335E-076   0.287206E-078  -0.934264E-077   0.323260E-076
-19.181799   0.404464E-075   0.662379E-077  -0.213646E-075   0.739255E-075
-19.014449   0.826538E-074   0.135329E-075  -0.432882E-074   0.149792E-073
-18.849556   0.157505E-072   0.257824E-074  -0.817937E-073   0.283045E-072
-18.684673   0.292669E-071   0.478964E-073  -0.150690E-071   0.521481E-071
-18.517350   0.553620E-070   0.905797E-072  -0.282564E-070   0.977887E-070
-18.344942   0.111677E-068   0.182670E-070  -0.564818E-069   0.195479E-068
-18.164375   0.253751E-067   0.414945E-069  -0.127104E-067   0.439920E-067
-17.971970   0.694388E-066   0.113514E-067  -0.344208E-066   0.119140E-065
-17.763568   0.247102E-064   0.403803E-066  -0.121085E-064   0.419134E-064
-17.535960   0.121444E-062   0.198378E-064  -0.587484E-063   0.203371E-062
-17.291553   0.791603E-061   0.129249E-062  -0.377539E-061   0.130704E-060
-17.043621   0.542190E-059   0.884820E-061  -0.254789E-059   0.882157E-059
-16.808858   0.291899E-057   0.476125E-059  -0.135214E-057   0.468191E-057
-16.594070   0.110101E-055   0.179503E-057  -0.503190E-056   0.174249E-055
-16.397352   0.301695E-054   0.491642E-056  -0.136156E-054   0.471528E-054
-16.214294   0.648689E-053   0.105663E-054  -0.289268E-053   0.100186E-052
-16.040670   0.117459E-051   0.191240E-053  -0.517752E-052   0.179333E-051
-15.872912   0.189509E-050   0.308408E-052  -0.825887E-051   0.286083E-050
-15.707964   0.285060E-049   0.463697E-051  -0.122828E-049   0.425502E-049
-15.543026   0.415656E-048   0.675813E-050  -0.177054E-048   0.613403E-048
-15.375300   0.609791E-047   0.990961E-049  -0.256704E-047   0.889424E-047
-15.201733   0.936455E-046   0.152101E-047  -0.389406E-046   0.134933E-045
-15.018760   0.157584E-044   0.255802E-046  -0.646798E-045   0.224143E-044
-14.822158   0.306442E-043   0.497119E-045  -0.124020E-043   0.429828E-043
-14.607524   0.725338E-042   0.117580E-043  -0.289043E-042   0.100189E-041
-14.372925   0.211116E-040   0.341944E-042  -0.827076E-041   0.286723E-040
-14.125051   0.673452E-039   0.108978E-040  -0.259091E-039   0.898329E-039
-13.880529   0.185164E-037   0.299350E-039  -0.699648E-038   0.242622E-037
-13.652759   0.370449E-036   0.598345E-038  -0.137633E-036   0.477353E-036
-13.444221   0.535062E-035   0.863471E-037  -0.195726E-035   0.678932E-035
-13.251713   0.595617E-034   0.960386E-036  -0.214747E-034   0.745017E-034
-13.071072   0.548167E-033   0.883154E-035  -0.194948E-033   0.676417E-033
-12.898614   0.441498E-032   0.710721E-034  -0.154945E-032   0.537691E-032
-12.731263   0.325080E-031   0.522883E-033  -0.112612E-031   0.390837E-031
-12.566371   0.226522E-030   0.364048E-032  -0.774557E-031   0.268859E-030
-12.401487   0.153867E-029   0.247067E-031  -0.519233E-030   0.180259E-029
-12.234165   0.104778E-028   0.168088E-030  -0.348812E-029   0.121113E-028
-12.061757   0.736798E-028   0.118082E-029  -0.241827E-028   0.839796E-028
-11.881190   0.553720E-027   0.886445E-029  -0.179010E-027   0.621758E-027
-11.688785   0.463430E-026   0.740992E-028  -0.147374E-026   0.511978E-026
-11.480383   0.452355E-025   0.722264E-027  -0.141244E-025   0.490793E-025
-11.252774   0.532735E-024   0.849204E-026  -0.162948E-024   0.566362E-024
-11.008367   0.733900E-023   0.116763E-024  -0.219391E-023   0.762772E-023
-10.760435   0.101799E-021   0.161619E-023  -0.297060E-022   0.103316E-021
-10.525672   0.118747E-020   0.188119E-022  -0.338408E-021   0.117737E-020
-10.310885   0.108963E-019   0.172249E-021  -0.303644E-020   0.105678E-019
-10.114167   0.807963E-019   0.127452E-020  -0.220431E-019   0.767425E-019
 -9.931109   0.509145E-018   0.801451E-020  -0.136111E-018   0.474026E-018
 -9.757485   0.285207E-017   0.447985E-019  -0.747477E-018   0.260407E-017
 -9.589727   0.147105E-016   0.230553E-018  -0.378025E-017   0.131742E-016
 -9.424778   0.718173E-016   0.112297E-017  -0.180932E-016   0.630776E-016
 -9.259841   0.339602E-015   0.529714E-017  -0.838424E-016   0.292408E-015
 -9.092115   0.158881E-014   0.247168E-016  -0.384105E-015   0.134015E-014
 -8.918548   0.751600E-014   0.116586E-015  -0.177730E-014   0.620382E-014
 -8.735574   0.368313E-013   0.569460E-015  -0.850528E-014   0.297032E-013
 -8.538973   0.192076E-012   0.295867E-014  -0.432181E-013   0.151018E-012
 -8.324338   0.109234E-011   0.167524E-013  -0.238768E-012   0.834886E-012
 -8.089740   0.677267E-011   0.103329E-012  -0.143316E-011   0.501520E-011
 -7.841866   0.427834E-010   0.648824E-012  -0.874049E-011   0.306139E-010
 -7.597344   0.242045E-009   0.364692E-011  -0.477176E-010   0.167294E-009
 -7.369574   0.112773E-008   0.168794E-010  -0.214874E-009   0.754071E-009
 -7.161036   0.434075E-008   0.645425E-010  -0.801008E-009   0.281375E-008
 -6.968528   0.143567E-007   0.212058E-009  -0.257001E-008   0.903653E-008
 -6.787887   0.424413E-007   0.622658E-009  -0.737772E-008   0.259665E-007
 -6.615429   0.115643E-006   0.168474E-008  -0.195302E-007   0.688072E-007
 -6.448078   0.297145E-006   0.429702E-008  -0.487511E-007   0.171937E-006
 -6.283185   0.732573E-006   0.105100E-007  -0.116699E-006   0.412036E-006
 -6.118302   0.175730E-005   0.249942E-007  -0.271530E-006   0.959867E-006
 -5.950980   0.415247E-005   0.584954E-007  -0.621366E-006   0.219947E-005
 -5.778572   0.978230E-005   0.136306E-006  -0.141436E-005   0.501392E-005
 -5.598005   0.232693E-004   0.320140E-006  -0.324025E-005   0.115064E-004
 -5.405600   0.566702E-004   0.767880E-006  -0.756582E-005   0.269213E-004
 -5.197198   0.143205E-003   0.190403E-005  -0.182143E-004   0.649718E-004
 -4.969589   0.377387E-003   0.489732E-005  -0.453451E-004   0.162252E-003
 -4.725182   0.101373E-002   0.127480E-004  -0.113967E-003   0.409382E-003
 -4.477250   0.260229E-002   0.314616E-004  -0.271626E-003   0.980310E-003
 -4.242487   0.598630E-002   0.690787E-004  -0.578095E-003   0.209753E-002
 -4.027700   0.121568E-001   0.132969E-003  -0.108495E-002   0.395957E-002
 -3.830981   0.221879E-001   0.228162E-003  -0.182771E-002   0.671275E-002
 -3.647923   0.372289E-001   0.356013E-003  -0.282292E-002   0.104406E-001
 -3.474300   0.584569E-001   0.511921E-003  -0.406120E-002   0.151383E-001
 -3.306542   0.869661E-001   0.681893E-003  -0.549706E-002   0.206737E-001
 -3.141593   0.123594E+000   0.838014E-003  -0.703786E-002   0.267430E-001
 -2.976655   0.168686E+000   0.932962E-003  -0.853523E-002   0.328295E-001
 -2.808930   0.221797E+000   0.893869E-003  -0.978272E-002   0.381790E-001
 -2.635363   0.281338E+000   0.616442E-003  -0.105263E-001   0.418091E-001
 -2.452389   0.344183E+000  -0.374508E-004  -0.105009E-001   0.425935E-001
 -2.255788   0.405373E+000  -0.122754E-002  -0.952258E-002   0.395182E-001
 -2.041153   0.458535E+000  -0.307359E-002  -0.769267E-002   0.323272E-001
 -1.806554   0.498907E+000  -0.547071E-002  -0.572966E-002   0.227611E-001
 -1.558681   0.530730E+000  -0.780698E-002  -0.500708E-002   0.153105E-001
 -1.314158   0.569874E+000  -0.912967E-002  -0.638256E-002   0.140567E-001
 -1.086388   0.629081E+000  -0.897693E-002  -0.904398E-002   0.181056E-001
 -0.877851   0.706874E+000  -0.761565E-002  -0.114310E-001   0.233472E-001
 -0.685343   0.792826E+000  -0.560091E-002  -0.124146E-001   0.262610E-001
 -0.504702   0.874639E+000  -0.346795E-002  -0.115361E-001   0.250978E-001
 -0.332243   0.941426E+000  -0.164203E-002  -0.885927E-002   0.196426E-001
 -0.164893   0.984923E+000  -0.425720E-003  -0.480141E-002   0.107605E-001
  0.000000   0.100000E+001  -0.126102E-015   0.182578E-007  -0.482759E-006
  0.164883   0.984921E+000  -0.425078E-003   0.480122E-002  -0.107610E-001
  0.332206   0.941432E+000  -0.164056E-002   0.885853E-002  -0.196418E-001
  0.504614   0.874669E+000  -0.346539E-002   0.115352E-001  -0.250968E-001
  0.685181   0.792896E+000  -0.559719E-002   0.124146E-001  -0.262624E-001
  0.877586   0.706985E+000  -0.761131E-002   0.114334E-001  -0.233538E-001
  1.085988   0.629214E+000  -0.897350E-002   0.904931E-002  -0.181162E-001
  1.313596   0.569992E+000  -0.912942E-002   0.638819E-002  -0.140618E-001
  1.558003   0.530819E+000  -0.781081E-002   0.500800E-002  -0.152974E-001
  1.805935   0.498995E+000  -0.547560E-002   0.572545E-002  -0.227360E-001
  2.040698   0.458633E+000  -0.307631E-002   0.768817E-002  -0.323078E-001
  2.255485   0.405460E+000  -0.122782E-002   0.952034E-002  -0.395101E-001
  2.452204   0.344241E+000  -0.362744E-004   0.105005E-001  -0.425929E-001
  2.635262   0.281366E+000   0.618152E-003   0.105267E-001  -0.418111E-001
  2.808886   0.221803E+000   0.895568E-003   0.978316E-002  -0.381808E-001
  2.976644   0.168681E+000   0.934414E-003   0.853547E-002  -0.328303E-001
  3.141592   0.123587E+000   0.839168E-003   0.703798E-002  -0.267434E-001
  3.306530   0.869631E-001   0.682782E-003   0.549726E-002  -0.206745E-001
  3.474256   0.584600E-001   0.512600E-003   0.406165E-002  -0.151399E-001
  3.647823   0.372374E-001   0.356533E-003   0.282366E-002  -0.104433E-001
  3.830796   0.221996E-001   0.228558E-003   0.182868E-002  -0.671636E-002
  4.027398   0.121687E-001   0.133259E-003   0.108598E-002  -0.396338E-002
  4.242032   0.599597E-002   0.692734E-004   0.578991E-003  -0.210080E-002
  4.476631   0.260831E-002   0.315731E-004   0.272229E-003  -0.982501E-003
  4.724505   0.101642E-002   0.127982E-004   0.114261E-003  -0.410441E-003
  4.969027   0.378270E-003   0.491543E-005   0.454503E-004  -0.162629E-003
  5.196797   0.143452E-003   0.191003E-005   0.182464E-004  -0.650868E-004
  5.405335   0.567344E-004   0.769888E-006   0.757503E-005  -0.269541E-004
  5.597843   0.232843E-004   0.320837E-006   0.324273E-005  -0.115152E-004
  5.778484   0.978506E-005   0.136559E-006   0.141496E-005  -0.501603E-005
  5.950942   0.415259E-005   0.585911E-007   0.621480E-006  -0.219987E-005
  6.118293   0.175709E-005   0.250322E-007   0.271542E-006  -0.959910E-006
  6.283185   0.732450E-006   0.105259E-007   0.116699E-006  -0.412038E-006
  6.448069   0.297107E-006   0.430383E-008   0.487535E-007  -0.171945E-006
  6.615391   0.115647E-006   0.168774E-008   0.195343E-007  -0.688215E-007
  6.787799   0.424558E-007   0.623980E-009   0.738151E-008  -0.259798E-007
  6.968366   0.143688E-007   0.212622E-009   0.257259E-008  -0.904561E-008
  7.160771   0.434762E-008   0.647646E-010   0.802400E-009  -0.281864E-008
  7.369173   0.113068E-008   0.169557E-010   0.215468E-009  -0.756155E-009
  7.596782   0.242989E-009   0.366826E-011   0.479095E-010  -0.167968E-009
  7.841189   0.429937E-010   0.653316E-012   0.878447E-011  -0.307680E-010
  8.089121   0.680520E-011   0.104039E-012   0.144024E-011  -0.503997E-011
  8.323884   0.109646E-011   0.168511E-013   0.239706E-012  -0.838166E-012
  8.538671   0.192569E-012   0.297271E-014   0.433374E-013  -0.151435E-012
  8.735389   0.368881E-013   0.571606E-015   0.852024E-014  -0.297554E-013
  8.918447   0.752169E-014   0.116939E-015   0.177907E-014  -0.620998E-014
  9.092071   0.158914E-014   0.247792E-016   0.384281E-015  -0.134076E-014
  9.259829   0.339562E-015   0.530900E-017   0.838542E-016  -0.292449E-015
  9.424777   0.718008E-016   0.112540E-017   0.180938E-016  -0.630799E-016
  9.589715   0.147087E-016   0.231088E-018   0.378080E-017  -0.131761E-016
  9.757441   0.285272E-017   0.449199E-019   0.747850E-018  -0.260537E-017
  9.931008   0.509582E-018   0.804163E-020   0.136265E-018  -0.474560E-018
 10.113982   0.809438E-019   0.128012E-020   0.220891E-019  -0.769030E-019
 10.310583   0.109311E-019   0.173250E-021   0.304691E-020  -0.106042E-019
 10.525218   0.119332E-020   0.189550E-022   0.340160E-021  -0.118346E-020
 10.759816   0.102476E-021   0.163138E-023   0.299110E-022  -0.104029E-021
 11.007690   0.739211E-023   0.117935E-024   0.221033E-023  -0.768482E-023
 11.252212   0.535982E-024   0.856807E-026   0.163985E-024  -0.569965E-024
 11.479982   0.454315E-025   0.727496E-027   0.141897E-025  -0.493063E-025
 11.688520   0.464707E-026   0.745222E-028   0.147826E-026  -0.513547E-026
 11.881028   0.554570E-027   0.890462E-029   0.179342E-027  -0.622914E-027
 12.061669   0.737282E-028   0.118518E-029   0.242067E-028  -0.840630E-028
 12.234127   0.104785E-028   0.168617E-030   0.348958E-029  -0.121163E-028
 12.401478   0.153827E-029   0.247772E-031   0.519282E-030  -0.180275E-029
 12.566371   0.226441E-030   0.365066E-032   0.774559E-031  -0.268860E-030
 12.731254   0.324994E-031   0.524412E-033   0.112622E-031  -0.390874E-031
 12.898576   0.441531E-032   0.713069E-034   0.155013E-032  -0.537927E-032
 13.070984   0.548558E-033   0.886672E-035   0.195158E-033  -0.677146E-033
 13.251551   0.596637E-034   0.965216E-036   0.215193E-034  -0.746565E-034
 13.443956   0.536760E-035   0.869115E-037   0.196417E-035  -0.681332E-035
 13.652358   0.372362E-036   0.603482E-038   0.138393E-036  -0.479989E-036
 13.879967   0.186561E-037   0.302651E-039   0.705176E-038  -0.244539E-037
 14.124374   0.679744E-039   0.110383E-040   0.261603E-039  -0.907038E-039
 14.372306   0.213010E-040   0.346244E-042   0.834795E-041  -0.289399E-040
 14.607069   0.730354E-042   0.118824E-043   0.291153E-042  -0.100920E-041
 14.821856   0.307867E-043   0.501272E-045   0.124646E-043  -0.431998E-043
 15.018574   0.158018E-044   0.257466E-046   0.648850E-045  -0.224854E-044
 15.201633   0.937712E-046   0.152881E-047   0.390095E-046  -0.135171E-045
 15.375256   0.610017E-047   0.995125E-049   0.256911E-047  -0.890140E-047
 15.543014   0.415573E-048   0.678295E-050   0.177097E-048  -0.613552E-048
 15.707963   0.284949E-049   0.465331E-051   0.122835E-049  -0.425527E-049
 15.872901   0.189470E-050   0.309566E-052   0.826093E-051  -0.286154E-050
 16.040626   0.117505E-051   0.192080E-053   0.518189E-052  -0.179484E-051
 16.214193   0.649623E-053   0.106243E-054   0.289817E-053  -0.100376E-052
 16.397167   0.302611E-054   0.495152E-056   0.136631E-054  -0.473175E-054
 16.593768   0.110679E-055   0.181193E-057   0.506064E-056  -0.175244E-055
 16.808403   0.294249E-057   0.481970E-059   0.136364E-057  -0.472173E-057
 17.043002   0.548034E-059   0.898159E-061   0.257651E-059  -0.892066E-059
 17.290875   0.800790E-061   0.131313E-062   0.382094E-061  -0.132281E-060
 17.535397   0.122620E-062   0.201175E-064   0.593451E-063  -0.205437E-062
 17.763168   0.248789E-064   0.408360E-066   0.121971E-064  -0.422201E-064
 17.971705   0.697379E-066   0.114513E-067   0.345864E-066  -0.119713E-065
 18.164213   0.254356E-067   0.417816E-069   0.127473E-067  -0.441196E-067
 18.344854   0.111790E-068   0.183691E-070   0.565687E-069  -0.195780E-068
 18.517312   0.553682E-070   0.910071E-072   0.282745E-070  -0.978514E-070
 18.684663   0.292554E-071   0.480999E-073   0.150712E-071  -0.521555E-071
 18.849556   0.157421E-072   0.258893E-074   0.817938E-073  -0.283045E-072
 19.014439   0.826206E-074   0.135914E-075   0.432945E-074  -0.149813E-073
 19.181761   0.404511E-075   0.665610E-077   0.213787E-075  -0.739745E-075
 19.354170   0.175522E-076   0.288894E-078   0.935779E-077  -0.323784E-076
 19.534737   0.633185E-078   0.104245E-079   0.340653E-078  -0.117863E-077
 19.727141   0.174909E-079   0.288045E-081   0.950104E-080  -0.328713E-079
 19.935544   0.334640E-081   0.551263E-083   0.183675E-081  -0.635445E-081
 20.163152   0.404736E-083   0.666950E-085   0.224684E-083  -0.777280E-083
 20.407559   0.314703E-085   0.518764E-087   0.176845E-085  -0.611754E-085
 20.655491   0.202088E-087   0.333241E-089   0.114974E-087  -0.397706E-087
 20.890254   0.152110E-089   0.250906E-091   0.875567E-090  -0.302852E-089
 21.105041   0.158134E-091   0.260916E-093   0.920004E-092  -0.318209E-091
 21.301760   0.222737E-093   0.367603E-095   0.130857E-093  -0.452588E-093
 21.484818   0.393003E-095   0.648758E-097   0.232989E-095  -0.805801E-095
 21.658442   0.802820E-097   0.132556E-098   0.480049E-097  -0.166021E-096
 21.826200   0.177595E-098   0.293292E-100   0.107075E-098  -0.370298E-098
 21.991148   0.401795E-100   0.663683E-102   0.244215E-100  -0.844549E-100
 22.156086   0.881809E-102   0.145685E-103   0.540285E-102  -0.186837E-101
 22.323811   0.177755E-103   0.293728E-105   0.109792E-103  -0.379664E-103
 22.497379   0.309113E-105   0.510887E-107   0.192505E-105  -0.665670E-105
 22.680352   0.429223E-107   0.709540E-109   0.269599E-107  -0.932229E-107
 22.876953   0.432338E-109   0.714837E-111   0.274017E-109  -0.947477E-109
 23.091588   0.284806E-111   0.471007E-113   0.182266E-111  -0.630205E-111
 23.326187   0.117127E-113   0.193748E-115   0.757385E-114  -0.261866E-113
 23.574060   0.352942E-116   0.583960E-118   0.230685E-116  -0.797570E-116
 23.818583   0.116046E-118   0.192046E-120   0.766368E-119  -0.264955E-118
 24.046353   0.571902E-121   0.946639E-123   0.381260E-121  -0.131809E-120
 24.254891   0.444955E-123   0.736640E-125   0.299151E-123  -0.103419E-122
 24.447399   0.501631E-125   0.830601E-127   0.339857E-125  -0.117489E-124
 24.628040   0.736307E-127   0.121935E-128   0.502419E-127  -0.173684E-126
 24.800498   0.128293E-128   0.212487E-130   0.881330E-129  -0.304666E-128
 24.967849   0.246162E-130   0.407761E-132   0.170207E-130  -0.588375E-130
 25.132741   0.488325E-132   0.809002E-134   0.339803E-132  -0.117462E-131
 25.297624   0.945025E-134   0.156580E-135   0.661766E-134  -0.228753E-133
 25.464947   0.168111E-135   0.278576E-137   0.118474E-135  -0.409523E-135
 25.637355   0.256865E-137   0.425703E-139   0.182208E-137  -0.629816E-137
 25.817922   0.309921E-139   0.513699E-141   0.221343E-139  -0.765079E-139
 26.010327   0.265169E-141   0.439582E-143   0.190756E-141  -0.659341E-141
 26.218729   0.141210E-143   0.234124E-145   0.102381E-143  -0.353870E-143
 26.446338   0.416349E-146   0.690407E-148   0.304463E-146  -0.105232E-145
 26.690745   0.697996E-149   0.115764E-150   0.515158E-149  -0.178051E-148
 26.938677   0.927868E-152   0.153915E-153   0.691279E-152  -0.238917E-151
 27.173440   0.154755E-154   0.256747E-156   0.116326E-154  -0.402035E-154
 27.388227   0.400100E-157   0.663883E-159   0.303210E-157  -0.104790E-156
 27.584945   0.155812E-159   0.258571E-161   0.118966E-159  -0.411143E-159
 27.768003   0.822988E-162   0.136592E-163   0.632761E-162  -0.218677E-161
 27.941627   0.531260E-164   0.881834E-166   0.411171E-164  -0.142095E-163
 28.109385   0.383898E-166   0.637297E-168   0.299020E-166  -0.103336E-165
 28.274333   0.288230E-168   0.478531E-170   0.225910E-168  -0.780692E-168
