 nmodes=            2  nfields=            2  max_plot=          289
 ky=   4.4092385389328179E-003   width=    1.000000000000000     
 theta     ((Re(field_i), Im(field_i),i=(1,nfields)),j=1,nmodes)
Tearing metric:  [   0.199730E+001   0.202291E-002   0.199704E+001   0.625617E-002 ]
DEP: [   0.122744E-003   0.362525E-006   0.000000E+000   0.000000E+000]
chi_th: [  -0.198411E+002  -0.377452E-001   0.000000E+000   0.000000E+000]
chi_i: [  -0.111260E+003  -0.165776E+000   0.000000E+000   0.000000E+000]
chi_i_cond: [  -0.438114E+002  -0.689768E-001   0.000000E+000   0.000000E+000]
chi_e: [  -0.279202E+002   0.422394E-002   0.000000E+000   0.000000E+000]
chi_e_cond: [   0.221618E+001  -0.900599E-002   0.000000E+000   0.000000E+000]
i_QL_cond_flux: [  -0.403149E-004  -0.634720E-007   0.000000E+000   0.000000E+000]
e_QL_cond_flux: [   0.221618E-005  -0.900599E-008   0.000000E+000   0.000000E+000]
QL_ratio: [   0.101594E+003   0.429009E+003             NaN             NaN]
EP QL convective fraction: [   0.102621E+001   0.455890E+000             NaN             NaN]
<theta^2>: [   0.511493E+001   0.103806E+001   0.570080E+001   0.592593E+001]
 Mode kept T/F for each mode:    F  T  F  F
 Theta      Re(phi)        Im(phi)        Re(B_per)        Im(B_per)
-28.274326   0.108757E-168  -0.121980E-171  -0.107952E-170   0.873758E-169
-28.112623   0.131253E-166  -0.147259E-169  -0.129487E-168   0.104806E-166
-27.947551   0.185873E-164  -0.208608E-167  -0.182201E-166   0.147472E-164
-27.775057   0.383514E-162  -0.430577E-165  -0.373321E-164   0.302161E-162
-27.589521   0.152607E-159  -0.171403E-162  -0.147372E-161   0.119281E-159
-27.382137   0.174033E-156  -0.195562E-159  -0.166470E-158   0.134737E-156
-27.138854   0.964950E-153  -0.108495E-155  -0.912070E-155   0.738202E-153
-26.849971   0.271777E-148  -0.305791E-151  -0.253171E-150   0.204907E-148
-26.561100   0.320626E-144  -0.360987E-147  -0.294610E-146   0.238444E-144
-26.321363   0.221216E-141  -0.249177E-144  -0.201288E-143   0.162912E-141
-26.120034   0.195034E-139  -0.219753E-142  -0.176258E-141   0.142653E-139
-25.940975   0.539305E-138  -0.607801E-141  -0.484901E-140   0.392449E-138
-25.774074   0.820466E-137  -0.924847E-140  -0.734583E-139   0.594524E-137
-25.612977   0.975332E-136  -0.109961E-138  -0.869856E-138   0.704003E-136
-25.453592   0.112340E-134  -0.126677E-137  -0.998055E-137   0.807756E-135
-25.293657   0.138932E-133  -0.156690E-136  -0.122937E-135   0.994962E-134
-25.132741   0.183836E-132  -0.207371E-135  -0.161998E-134   0.131109E-132
-24.971809   0.240715E-131  -0.271581E-134  -0.211238E-133   0.170960E-131
-24.811847   0.288777E-130  -0.325863E-133  -0.252389E-132   0.204263E-130
-24.652468   0.316687E-129  -0.357419E-132  -0.275694E-131   0.223123E-129
-24.491455   0.351070E-128  -0.396292E-131  -0.304409E-130   0.246362E-128
-24.324758   0.482917E-127  -0.545224E-130  -0.416899E-129   0.337400E-127
-24.146084   0.114089E-125  -0.128838E-128  -0.979671E-128   0.792853E-126
-23.945410   0.766311E-124  -0.865640E-127  -0.653306E-126   0.528721E-124
-23.706748   0.316734E-121  -0.357945E-124  -0.267208E-123   0.216250E-121
-23.418971   0.146987E-117  -0.166213E-120  -0.122146E-119   0.988508E-118
-23.129081   0.121917E-113  -0.137955E-116  -0.996405E-116   0.806359E-114
-22.884782   0.197867E-110  -0.224017E-113  -0.159454E-112   0.129039E-110
-22.676756   0.714478E-108  -0.809255E-111  -0.569190E-110   0.460615E-108
-22.490821   0.965275E-106  -0.109372E-108  -0.761496E-108   0.616232E-106
-22.318086   0.705175E-104  -0.799261E-107  -0.551475E-106   0.446270E-104
-22.152884   0.357362E-102  -0.405159E-105  -0.277212E-104   0.224326E-102
-21.991140   0.150858E-100  -0.171083E-103  -0.116107E-102   0.939555E-101
-21.829438   0.617738E-099  -0.700750E-102  -0.471683E-101   0.381690E-099
-21.664365   0.284272E-097  -0.322564E-100  -0.215264E-099   0.174192E-097
-21.491872   0.173557E-095  -0.196996E-098  -0.130237E-097   0.105387E-095
-21.306336   0.174051E-093  -0.197625E-096  -0.129260E-095   0.104595E-093
-21.098952   0.386914E-091  -0.439496E-094  -0.283786E-093   0.229631E-091
-20.855669   0.283328E-088  -0.321991E-091  -0.204585E-090   0.165541E-088
-20.566786   0.696427E-085  -0.791925E-088  -0.493326E-087   0.399167E-085
-20.277915   0.853971E-082  -0.971586E-085  -0.594053E-084   0.480656E-082
-20.038177   0.119264E-079  -0.135740E-082  -0.818928E-082   0.662593E-080
-19.836848   0.348631E-078  -0.396892E-081  -0.237224E-080   0.191935E-078
-19.657790   0.423249E-077  -0.481929E-080  -0.286037E-079   0.231427E-077
-19.490889   0.326793E-076  -0.372156E-079  -0.219604E-078   0.177676E-076
-19.329792   0.209120E-075  -0.238181E-078  -0.139800E-077   0.113107E-075
-19.170406   0.130374E-074  -0.148511E-077  -0.867065E-077   0.701508E-075
-19.010472   0.855080E-074  -0.974174E-077  -0.565630E-076   0.457625E-074
-18.849556   0.588302E-073  -0.670335E-076  -0.386994E-075   0.313096E-073
-18.688624   0.400488E-072  -0.456395E-075  -0.261973E-074   0.211946E-072
-18.528662   0.254729E-071  -0.290327E-074  -0.165718E-073   0.134071E-071
-18.369283   0.151163E-070  -0.172311E-073  -0.978193E-073   0.791383E-071
-18.208270   0.902023E-070  -0.102835E-072  -0.580565E-072   0.469688E-070
-18.041573   0.629967E-069  -0.718292E-072  -0.403061E-071   0.326080E-069
-17.862898   0.654342E-068  -0.746209E-071  -0.415630E-070   0.336245E-068
-17.662224   0.146254E-066  -0.166825E-069  -0.919935E-069   0.744216E-067
-17.423562   0.123295E-064  -0.140680E-067  -0.764491E-067   0.618448E-065
-17.135786   0.598635E-062  -0.683337E-065  -0.363577E-064   0.294111E-062
-16.845896   0.427544E-059  -0.488253E-062  -0.253764E-061   0.205270E-059
-16.601596   0.901571E-057  -0.102995E-059  -0.524759E-059   0.424462E-057
-16.393571   0.626884E-055  -0.716340E-058  -0.359062E-057   0.290425E-055
-16.207636   0.211492E-053  -0.241724E-056  -0.119484E-055   0.966415E-054
-16.034901   0.453795E-052  -0.518756E-055  -0.253243E-054   0.204823E-052
-15.869699   0.742511E-051  -0.848938E-054  -0.409634E-053   0.331304E-051
-15.707955   0.105726E-049  -0.120898E-052  -0.576805E-052   0.466496E-050
-15.546252   0.146034E-048  -0.167014E-051  -0.787770E-051   0.637098E-049
-15.381180   0.217017E-047  -0.248228E-050  -0.115685E-049   0.935563E-048
-15.208686   0.389331E-046  -0.445387E-049  -0.204854E-048   0.165663E-046
-15.023151   0.976028E-045  -0.111672E-047  -0.505927E-047   0.409122E-045
-14.815767   0.418726E-043  -0.479158E-046  -0.213163E-045   0.172368E-043
-14.572484   0.399734E-041  -0.457499E-044  -0.198902E-043   0.160826E-041
-14.283601   0.843434E-039  -0.965458E-042  -0.407996E-041   0.329867E-039
-13.994730   0.105757E-036  -0.121068E-039  -0.497971E-039   0.402578E-037
-13.754992   0.295366E-035  -0.338134E-038  -0.136392E-037   0.110258E-035
-13.553663   0.283800E-034  -0.324893E-037  -0.129268E-036   0.104493E-034
-13.374605   0.150266E-033  -0.172022E-036  -0.677399E-036   0.547557E-034
-13.207703   0.585543E-033  -0.670310E-036  -0.261701E-035   0.211532E-033
-13.046606   0.200658E-032  -0.229702E-035  -0.889733E-035   0.719149E-033
-12.887221   0.673573E-032  -0.771049E-035  -0.296310E-034   0.239494E-032
-12.727286   0.233001E-031  -0.266711E-034  -0.101657E-033   0.821617E-032
-12.566371   0.828715E-031  -0.948575E-034  -0.358470E-033   0.289717E-031
-12.405439   0.291575E-030  -0.333731E-033  -0.125036E-032   0.101051E-030
-12.245477   0.977550E-030  -0.111883E-032  -0.415662E-032   0.335917E-030
-12.086098   0.312115E-029  -0.357202E-032  -0.131619E-031   0.106365E-029
-11.925084   0.996633E-029  -0.114053E-031  -0.416756E-031   0.336778E-029
-11.758388   0.351079E-028  -0.401737E-031  -0.145449E-030   0.117532E-028
-11.579713   0.159027E-027  -0.181954E-030  -0.651363E-030   0.526319E-028
-11.379039   0.116962E-026  -0.133803E-029  -0.471706E-029   0.381126E-027
-11.140377   0.197741E-025  -0.226148E-028  -0.779489E-028   0.629743E-026
-10.852600   0.979268E-024  -0.111938E-026  -0.373352E-026   0.301581E-024
-10.562711   0.584570E-022  -0.667736E-025  -0.214638E-024   0.173344E-022
-10.318411   0.155958E-020  -0.178015E-023  -0.554321E-023   0.447594E-021
-10.110386   0.204104E-019  -0.232804E-022  -0.706061E-022   0.570028E-020
 -9.924451   0.168505E-018  -0.192068E-021  -0.569413E-021   0.459641E-019
 -9.751716   0.104226E-017  -0.118719E-020  -0.344816E-020   0.278303E-018
 -9.586513   0.540806E-017  -0.615583E-020  -0.175377E-019   0.141529E-017
 -9.424770   0.255111E-016  -0.290172E-019  -0.811216E-019   0.654557E-017
 -9.263067   0.116659E-015  -0.132584E-018  -0.363593E-018   0.293333E-016
 -9.097995   0.548608E-015  -0.622922E-018  -0.167378E-017   0.135012E-015
 -8.925501   0.282644E-014  -0.320575E-017  -0.842157E-017   0.679177E-015
 -8.739965   0.172359E-013  -0.195216E-016  -0.499595E-016   0.402814E-014
 -8.532581   0.137880E-012  -0.155868E-015  -0.386365E-015   0.311421E-013
 -8.289298   0.163909E-011  -0.184779E-014  -0.439658E-014   0.354221E-012
 -8.000415   0.279406E-010  -0.313699E-013  -0.708890E-013   0.570774E-011
 -7.711544   0.336582E-009  -0.376114E-012  -0.808260E-012   0.650327E-010
 -7.471807   0.179166E-008  -0.199408E-011  -0.412965E-011   0.332078E-009
 -7.270478   0.546177E-008  -0.605961E-011  -0.122231E-010   0.982447E-009
 -7.091419   0.122687E-007  -0.135761E-010  -0.268409E-010   0.215658E-008
 -6.924518   0.235645E-007  -0.260152E-010  -0.505760E-010   0.406229E-008
 -6.763421   0.422916E-007  -0.465838E-010  -0.891626E-010   0.715929E-008
 -6.604036   0.747174E-007  -0.821023E-010  -0.154702E-009   0.124176E-007
 -6.444101   0.133044E-006  -0.145804E-009  -0.270256E-009   0.216848E-007
 -6.283185   0.238364E-006  -0.260451E-009  -0.474531E-009   0.380598E-007
 -6.122253   0.421976E-006  -0.459606E-009  -0.822886E-009   0.659705E-007
 -5.962291   0.725895E-006  -0.787985E-009  -0.138677E-008   0.111126E-006
 -5.802912   0.121377E-005  -0.131300E-008  -0.227204E-008   0.181979E-006
 -5.641899   0.201640E-005  -0.217297E-008  -0.369574E-008   0.295857E-006
 -5.475203   0.347002E-005  -0.372260E-008  -0.621100E-008   0.496907E-006
 -5.296528   0.658272E-005  -0.701937E-008  -0.114377E-007   0.914320E-006
 -5.095854   0.150435E-004  -0.158944E-007  -0.250747E-007   0.200197E-005
 -4.857192   0.466196E-004  -0.484683E-007  -0.728788E-007   0.580614E-005
 -4.569415   0.203816E-003  -0.205450E-006  -0.287972E-006   0.228482E-004
 -4.279525   0.845710E-003  -0.810392E-006  -0.105195E-005   0.829061E-004
 -4.035226   0.238171E-002  -0.213612E-005  -0.261320E-005   0.204163E-003
 -3.827200   0.495260E-002  -0.409010E-005  -0.482211E-005   0.372687E-003
 -3.641265   0.850630E-002  -0.631739E-005  -0.735955E-005   0.561042E-003
 -3.468530   0.129074E-001  -0.829144E-005  -0.988050E-005   0.739615E-003
 -3.303328   0.179821E-001  -0.929078E-005  -0.120471E-004   0.878911E-003
 -3.141585   0.235087E-001  -0.826109E-005  -0.135174E-004   0.948217E-003
 -2.979882   0.291652E-001  -0.353232E-005  -0.139396E-004   0.914608E-003
 -2.814809   0.344417E-001   0.770057E-005  -0.130201E-004   0.747758E-003
 -2.642316   0.385622E-001   0.302975E-004  -0.108500E-004   0.445602E-003
 -2.456780   0.407192E-001   0.726023E-004  -0.907382E-005   0.129004E-003
 -2.249396   0.422147E-001   0.147365E-003  -0.146348E-004   0.349813E-003
 -2.006113   0.574708E-001   0.263668E-003  -0.492742E-004   0.288587E-002
 -1.717230   0.143747E+000   0.376772E-003  -0.148028E-003   0.106970E-001
 -1.428359   0.337610E+000   0.374236E-003  -0.262936E-003   0.200596E-001
 -1.188621   0.535234E+000   0.293358E-003  -0.309138E-003   0.239829E-001
 -0.987293   0.682291E+000   0.211550E-003  -0.303612E-003   0.237171E-001
 -0.808234   0.785973E+000   0.146828E-003  -0.275044E-003   0.215617E-001
 -0.641333   0.861458E+000   0.968622E-004  -0.235774E-003   0.185226E-001
 -0.480236   0.918795E+000   0.575379E-004  -0.188683E-003   0.148443E-001
 -0.320850   0.961952E+000   0.272309E-004  -0.133277E-003   0.104957E-001
 -0.160916   0.990061E+000   0.717468E-005  -0.694681E-004   0.547412E-002
  0.000000   0.100000E+001  -0.932897E-018  -0.124645E-008   0.403388E-006
  0.160932   0.990062E+000   0.708733E-005   0.694720E-004  -0.547381E-002
  0.320894   0.961947E+000   0.270707E-004   0.133293E-003  -0.104963E-001
  0.480273   0.918788E+000   0.573167E-004   0.188698E-003  -0.148448E-001
  0.641286   0.861479E+000   0.965742E-004   0.235768E-003  -0.185214E-001
  0.807983   0.786104E+000   0.146438E-003   0.275001E-003  -0.215576E-001
  0.986657   0.682720E+000   0.210977E-003   0.303551E-003  -0.237119E-001
  1.187332   0.536321E+000   0.292510E-003   0.309237E-003  -0.239911E-001
  1.425994   0.339635E+000   0.373404E-003   0.263736E-003  -0.201248E-001
  1.713770   0.145495E+000   0.377222E-003   0.149537E-003  -0.108176E-001
  2.003660   0.578307E-001   0.264339E-003   0.499014E-004  -0.293350E-002
  2.247959   0.422371E-001   0.147165E-003   0.147423E-004  -0.356375E-003
  2.455985   0.407204E-001   0.719082E-004   0.907634E-005  -0.128140E-003
  2.641920   0.385660E-001   0.294730E-004   0.108451E-004  -0.444750E-003
  2.814655   0.344431E-001   0.691985E-005   0.130185E-004  -0.747470E-003
  2.979857   0.291634E-001  -0.420240E-005   0.139390E-004  -0.914527E-003
  3.141601   0.235059E-001  -0.880248E-005   0.135166E-004  -0.948150E-003
  3.303303   0.179813E-001  -0.970665E-005   0.120467E-004  -0.878873E-003
  3.468376   0.129108E-001  -0.859426E-005   0.988222E-005  -0.739728E-003
  3.640870   0.851493E-002  -0.652396E-005   0.736516E-005  -0.561451E-003
  3.826405   0.496553E-002  -0.421922E-005   0.483235E-005  -0.373461E-003
  4.033789   0.239571E-002  -0.220710E-005   0.262641E-005  -0.205183E-003
  4.277072   0.855910E-003  -0.841755E-006   0.106332E-005  -0.837964E-004
  4.565955   0.207529E-003  -0.214702E-006   0.292814E-006  -0.232311E-004
  4.854826   0.472015E-004  -0.503987E-007   0.737344E-007  -0.587419E-005
  5.094564   0.151324E-004  -0.164293E-007   0.252158E-007  -0.201323E-005
  5.295893   0.659838E-005  -0.723305E-008   0.114639E-007  -0.916421E-006
  5.474951   0.347257E-005  -0.383079E-008   0.621554E-008  -0.497274E-006
  5.641853   0.201646E-005  -0.223512E-008   0.369596E-008  -0.295877E-006
  5.802950   0.121351E-005  -0.135055E-008   0.227165E-008  -0.181949E-006
  5.962335   0.725739E-006  -0.810716E-009   0.138652E-008  -0.111107E-006
  6.122270   0.421928E-006  -0.473034E-009   0.822821E-009  -0.659659E-007
  6.283185   0.238348E-006  -0.268147E-009   0.474517E-009  -0.380589E-007
  6.444117   0.133028E-006  -0.150147E-009   0.270235E-009  -0.216832E-007
  6.604079   0.747004E-007  -0.845621E-010   0.154674E-009  -0.124154E-007
  6.763458   0.422817E-007  -0.479925E-010   0.891455E-010  -0.715797E-008
  6.924472   0.235656E-007  -0.268169E-010   0.505801E-010  -0.406264E-008
  7.091168   0.122799E-007  -0.140111E-010   0.268658E-010  -0.215859E-008
  7.269843   0.547868E-008  -0.626977E-011   0.122604E-010  -0.985451E-009
  7.470517   0.180646E-008  -0.207493E-011   0.416306E-011  -0.334766E-009
  7.709179   0.343133E-009  -0.396015E-012   0.823654E-012  -0.662713E-010
  7.996956   0.288765E-010  -0.335222E-013   0.732164E-013  -0.589512E-011
  8.286845   0.168311E-011  -0.196444E-014   0.451266E-014  -0.363573E-012
  8.531145   0.140041E-012  -0.164082E-015   0.392335E-015  -0.316234E-013
  8.739170   0.173785E-013  -0.204190E-016   0.503687E-016  -0.406115E-014
  8.925105   0.283745E-014  -0.334111E-017   0.845433E-017  -0.681822E-015
  9.097840   0.549376E-015  -0.648047E-018   0.167618E-017  -0.135206E-015
  9.263042   0.116671E-015  -0.137840E-018   0.363652E-018  -0.293383E-016
  9.424786   0.255036E-016  -0.301733E-019   0.811025E-019  -0.654406E-017
  9.586489   0.540869E-017  -0.640761E-020   0.175407E-019  -0.141554E-017
  9.751561   0.104384E-017  -0.123827E-020   0.345355E-020  -0.278739E-018
  9.924055   0.169251E-018  -0.201050E-021   0.571940E-021  -0.461682E-019
 10.109590   0.206124E-019  -0.245210E-022   0.713017E-022  -0.575646E-020
 10.316975   0.159071E-020  -0.189546E-023   0.565308E-023  -0.456467E-021
 10.560258   0.606228E-022  -0.723737E-025   0.222528E-024  -0.179716E-022
 10.849140   0.102916E-023  -0.123124E-026   0.392227E-026  -0.316828E-024
 11.138012   0.204130E-025  -0.244658E-028   0.804520E-028  -0.649967E-026
 11.377749   0.118670E-026  -0.142403E-029   0.478574E-029  -0.386677E-027
 11.579078   0.159940E-027  -0.192082E-030   0.655122E-030  -0.529359E-028
 11.758137   0.351704E-028  -0.422631E-031   0.145716E-030  -0.117749E-028
 11.925038   0.996760E-029  -0.119834E-031   0.416840E-031  -0.336848E-029
 12.086135   0.311981E-029  -0.375235E-032   0.131573E-031  -0.106328E-029
 12.245520   0.977133E-030  -0.117573E-032   0.415518E-032  -0.335802E-030
 12.405455   0.291516E-030  -0.350914E-033   0.125020E-032  -0.101039E-030
 12.566371   0.828638E-031  -0.997907E-034   0.358465E-033  -0.289714E-031
 12.727303   0.232953E-031  -0.280658E-034   0.101644E-033  -0.821516E-032
 12.887265   0.673276E-032  -0.811478E-035   0.296204E-034  -0.239409E-032
 13.046644   0.200568E-032  -0.241831E-035   0.889405E-035  -0.718887E-033
 13.207657   0.585624E-033  -0.706377E-036   0.261758E-035  -0.211579E-033
 13.374353   0.150557E-033  -0.181677E-036   0.678760E-036  -0.548659E-034
 13.553028   0.285614E-034  -0.344819E-037   0.130099E-036  -0.105166E-034
 13.753702   0.300314E-035  -0.362801E-038   0.138675E-037  -0.112103E-035
 13.992364   0.109855E-036  -0.132835E-039   0.517197E-039  -0.418123E-037
 14.280141   0.898382E-039  -0.108766E-041   0.434465E-041  -0.351268E-039
 14.570031   0.419965E-041  -0.509112E-044   0.208934E-043  -0.168938E-041
 14.814330   0.430771E-043  -0.522759E-046   0.219285E-045  -0.177319E-043
 15.022355   0.990577E-045  -0.120310E-047   0.513480E-047  -0.415231E-045
 15.208290   0.392029E-046  -0.476458E-049   0.206286E-048  -0.166822E-046
 15.381026   0.217554E-047  -0.264563E-050   0.115982E-049  -0.937964E-048
 15.546228   0.146066E-048  -0.177722E-051   0.788014E-051  -0.637298E-049
 15.707971   0.105675E-049  -0.128643E-052   0.576582E-052  -0.466317E-050
 15.869674   0.742674E-051  -0.904541E-054   0.409765E-053  -0.331410E-051
 16.034747   0.454972E-052  -0.554419E-055   0.253923E-054  -0.205374E-052
 16.207240   0.213067E-053  -0.259781E-056   0.120383E-055  -0.973684E-054
 16.392776   0.637221E-055  -0.777405E-058   0.364998E-057  -0.295227E-055
 16.600160   0.931298E-057  -0.113699E-059   0.542053E-059  -0.438452E-057
 16.843443   0.453493E-059  -0.554135E-062   0.269138E-061  -0.217707E-059
 17.132326   0.648035E-062  -0.792662E-065   0.393517E-064  -0.318331E-062
 17.421197   0.129630E-064  -0.158708E-067   0.803727E-067  -0.650190E-065
 17.660935   0.149605E-066  -0.183283E-069   0.941051E-069  -0.761301E-067
 17.862263   0.660193E-068  -0.809167E-071   0.419383E-070  -0.339282E-068
 18.041322   0.631710E-069  -0.774511E-072   0.404219E-071  -0.327018E-069
 18.208223   0.902212E-070  -0.110646E-072   0.580754E-072  -0.469842E-070
 18.369320   0.151065E-070  -0.185309E-073   0.977676E-073  -0.790967E-071
 18.528705   0.254565E-071  -0.312346E-074   0.165631E-073  -0.134001E-071
 18.688640   0.400368E-072  -0.491365E-075   0.261926E-074  -0.211909E-072
 18.849556   0.588227E-073  -0.722103E-076   0.386991E-075  -0.313094E-073
 19.010488   0.854823E-074  -0.104964E-076   0.565528E-076  -0.457544E-074
 19.170450   0.130288E-074  -0.160021E-077   0.866604E-077  -0.701137E-075
 19.329829   0.208980E-075  -0.256731E-078   0.139724E-077  -0.113046E-075
 19.490842   0.326865E-076  -0.401646E-079   0.219679E-078  -0.177737E-076
 19.657539   0.424487E-077  -0.521738E-080   0.286907E-079  -0.232131E-077
 19.836213   0.351973E-078  -0.432745E-081   0.239521E-080  -0.193794E-078
 20.036888   0.122251E-079  -0.150368E-082   0.839485E-082  -0.679228E-080
 20.275550   0.903358E-082  -0.111179E-084   0.628395E-084  -0.508444E-082
 20.563326   0.763928E-085  -0.940970E-088   0.541085E-087  -0.437811E-085
 20.853216   0.304392E-088  -0.375271E-091   0.219786E-090  -0.177841E-088
 21.097515   0.403067E-091  -0.497289E-094   0.295645E-093  -0.239227E-091
 21.305541   0.177784E-093  -0.219473E-096   0.132043E-095  -0.106847E-093
 21.491476   0.175277E-095  -0.216485E-098   0.131543E-097  -0.106444E-095
 21.664211   0.285276E-097  -0.352496E-100   0.216052E-099  -0.174830E-097
 21.829413   0.617930E-099  -0.763839E-102   0.471895E-101  -0.381863E-099
 21.991157   0.150756E-100  -0.186424E-103   0.116044E-102  -0.939051E-101
 22.152859   0.357475E-102  -0.442219E-105   0.277338E-104  -0.224429E-102
 22.317932   0.707748E-104  -0.875872E-107   0.553561E-106  -0.447959E-104
 22.490426   0.975338E-106  -0.120754E-108   0.769529E-108  -0.622734E-106
 22.675961   0.730931E-108  -0.905376E-111   0.582355E-110  -0.471270E-108
 22.883345   0.206962E-110  -0.256500E-113   0.166794E-112  -0.134979E-110
 23.126628   0.132227E-113  -0.163990E-116   0.108066E-115  -0.874549E-114
 23.415511   0.163840E-117  -0.203365E-120   0.136146E-119  -0.110180E-117
 23.704382   0.339090E-121  -0.421213E-124   0.286078E-123  -0.231521E-121
 23.944120   0.790219E-124  -0.982122E-127   0.673757E-126  -0.545273E-124
 24.145449   0.115471E-125  -0.143566E-128   0.991676E-128  -0.802571E-126
 24.324507   0.484724E-127  -0.602824E-130   0.418521E-129  -0.338714E-127
 24.491408   0.351172E-128  -0.436831E-131   0.304544E-130  -0.246472E-128
 24.652505   0.316413E-129  -0.393675E-132   0.275499E-131  -0.222966E-129
 24.811891   0.288530E-130  -0.359056E-133   0.252213E-132  -0.204121E-130
 24.971825   0.240620E-131  -0.299498E-134   0.211189E-133  -0.170920E-131
 25.132741   0.183806E-132  -0.228831E-135   0.161997E-134  -0.131108E-132
 25.293673   0.138877E-133  -0.172934E-136   0.122908E-135  -0.994730E-134
 25.453635   0.112243E-134  -0.139797E-137   0.997349E-137  -0.807186E-135
 25.613014   0.974467E-136  -0.121393E-138   0.869227E-138  -0.703495E-136
 25.774028   0.820710E-137  -0.102260E-139   0.734921E-139  -0.594799E-137
 25.940724   0.541408E-138  -0.674738E-141   0.486868E-140  -0.394042E-138
 26.119399   0.197522E-139  -0.246231E-142   0.178533E-141  -0.144494E-139
 26.320073   0.228591E-141  -0.285064E-144   0.208022E-143  -0.168362E-141
 26.558735   0.345353E-144  -0.430893E-147   0.317349E-146  -0.256848E-144
 26.846511   0.306949E-148  -0.383256E-151   0.285933E-150  -0.231424E-148
 27.136401   0.105995E-152  -0.132450E-155   0.100191E-154  -0.810915E-153
 27.380701   0.183572E-156  -0.229538E-159   0.175611E-158  -0.142136E-156
 27.588726   0.156878E-159  -0.196263E-162   0.151518E-161  -0.122636E-159
 27.774661   0.388455E-162  -0.486192E-165   0.378191E-164  -0.306104E-162
 27.947396   0.186724E-164  -0.233795E-167   0.183066E-166  -0.148173E-164
 28.112598   0.131307E-166  -0.164466E-169   0.129562E-168  -0.104867E-166
 28.274342   0.108662E-168  -0.136149E-171   0.107877E-170  -0.873156E-169
