 nmodes=            3  nfields=            2  max_plot=          289
 ky=   7.1377730763214922E-002   width=    1.775510204081633     
 theta     ((Re(field_i), Im(field_i),i=(1,nfields)),j=1,nmodes)
Tearing metric:  [   0.199777E+001   0.150588E-003   0.209873E-003   0.199794E+001 ]
DEP: [   0.453288E-002   0.149048E-002  -0.181560E-002   0.000000E+000]
chi_th: [  -0.515101E+002   0.323462E+002  -0.693012E+005   0.000000E+000]
chi_i: [  -0.696609E+003   0.376409E+002  -0.153022E+006   0.000000E+000]
chi_i_cond: [  -0.359151E+003   0.949446E+001  -0.172967E+006   0.000000E+000]
chi_e: [   0.570476E+003   0.301759E+003   0.609446E+004   0.000000E+000]
chi_e_cond: [   0.126219E+003   0.455479E+002  -0.941155E+004   0.000000E+000]
i_QL_cond_flux: [  -0.207487E-003   0.548511E-005  -0.999261E-001   0.000000E+000]
e_QL_cond_flux: [   0.126219E-003   0.455479E-004  -0.941155E-002   0.000000E+000]
QL_ratio: [   0.945014E+002   0.140297E+004   0.311880E+000             NaN]
EP QL convective fraction: [   0.563178E+000   0.471839E+000  -0.141924E+000             NaN]
<theta^2>: [   0.193840E+002   0.661520E+001   0.627966E+001   0.104865E+002]
 Mode kept T/F for each mode:    F  T  F  F
 Theta      Re(phi)        Im(phi)        Re(B_per)        Im(B_per)
-28.274335   0.857306E-051  -0.182743E-052  -0.431606E-052   0.682130E-051
-28.106856   0.472294E-050  -0.100722E-051  -0.236056E-051   0.373139E-050
-27.936303   0.261857E-049  -0.558717E-051  -0.129915E-050   0.205396E-049
-27.759306   0.149108E-048  -0.318312E-050  -0.734157E-050   0.116092E-048
-27.571959   0.892868E-048  -0.190711E-049  -0.436132E-049   0.689793E-048
-27.369829   0.577186E-047  -0.123356E-048  -0.279563E-048   0.442257E-047
-27.149095   0.410421E-046  -0.877710E-048  -0.197003E-047   0.311722E-046
-26.910698   0.314266E-045  -0.672539E-047  -0.149415E-046   0.236481E-045
-26.665802   0.235079E-044  -0.503430E-046  -0.110695E-045   0.175245E-044
-26.430367   0.152368E-043  -0.326523E-045  -0.710971E-045   0.112584E-043
-26.212189   0.818179E-043  -0.175445E-044  -0.378603E-044   0.599663E-043
-26.010509   0.371777E-042  -0.797678E-044  -0.170727E-043   0.270469E-042
-25.821741   0.148600E-041  -0.319008E-043  -0.677575E-043   0.107365E-041
-25.642294   0.541172E-041  -0.116238E-042  -0.245109E-042   0.388461E-041
-25.469195   0.184694E-040  -0.396905E-042  -0.831135E-042   0.131747E-040
-25.300027   0.604092E-040  -0.129884E-041  -0.270134E-041   0.428281E-040
-25.132741   0.192925E-039  -0.415014E-041  -0.857318E-041   0.135948E-039
-24.965462   0.611749E-039  -0.131665E-040  -0.270138E-040   0.428449E-039
-24.796313   0.195765E-038  -0.421564E-040  -0.858910E-040   0.136253E-038
-24.623248   0.643287E-038  -0.138604E-039  -0.280361E-039   0.444842E-038
-24.443852   0.221443E-037  -0.477411E-039  -0.958337E-039   0.152090E-037
-24.255156   0.818083E-037  -0.176485E-038  -0.351377E-038   0.557778E-037
-24.053573   0.333906E-036  -0.720850E-038  -0.142237E-037   0.225848E-036
-23.835517   0.155170E-035  -0.335259E-037  -0.654952E-037   0.104026E-035
-23.600204   0.830850E-035  -0.179676E-036  -0.347121E-036   0.551519E-035
-23.355325   0.488954E-034  -0.105846E-035  -0.202037E-035   0.321124E-034
-23.116811   0.283658E-033  -0.614680E-035  -0.115902E-034   0.184289E-033
-22.895939   0.149377E-032  -0.324028E-034  -0.603779E-034   0.960403E-033
-22.693699   0.704547E-032  -0.152981E-033  -0.281849E-033   0.448490E-032
-22.506273   0.303670E-031  -0.660011E-033  -0.120280E-032   0.191464E-031
-22.329222   0.122602E-030  -0.266725E-032  -0.480934E-032   0.765836E-031
-22.158639   0.473531E-030  -0.103117E-031  -0.183986E-031   0.293084E-030
-21.991150   0.177994E-029  -0.387982E-031  -0.685004E-031   0.109159E-029
-21.823671   0.660847E-029  -0.144192E-030  -0.251883E-030   0.401540E-029
-21.653118   0.245830E-028  -0.536943E-030  -0.927794E-030   0.147963E-028
-21.476121   0.930460E-028  -0.203453E-029  -0.347605E-029   0.554582E-028
-21.288774   0.364767E-027  -0.798521E-029  -0.134822E-028   0.215195E-027
-21.086644   0.151038E-026  -0.331058E-028  -0.551942E-028   0.881399E-027
-20.865910   0.669626E-026  -0.146976E-027  -0.241734E-027   0.386228E-026
-20.627513   0.312571E-025  -0.687085E-027  -0.111385E-026   0.178065E-025
-20.382616   0.142651E-024  -0.314055E-026  -0.501714E-026   0.802536E-025
-20.147181   0.581727E-024  -0.128261E-025  -0.202063E-025   0.323402E-024
-19.929003   0.205147E-023  -0.452947E-025  -0.704461E-025   0.112810E-023
-19.727324   0.636317E-023  -0.140676E-024  -0.216220E-024   0.346420E-023
-19.538556   0.178845E-022  -0.395877E-024  -0.601782E-024   0.964612E-023
-19.359109   0.467858E-022  -0.103684E-023  -0.155968E-023   0.250119E-022
-19.186010   0.116370E-021  -0.258192E-023  -0.384466E-023   0.616831E-022
-19.016841   0.279886E-021  -0.621705E-023  -0.916580E-023   0.147121E-021
-18.849556   0.660074E-021  -0.146792E-022  -0.214275E-022   0.344089E-021
-18.682277   0.154547E-020  -0.344101E-022  -0.497269E-022   0.798900E-021
-18.513128   0.363563E-020  -0.810479E-022  -0.115923E-021   0.186329E-020
-18.340062   0.870231E-020  -0.194250E-021  -0.274870E-021   0.442038E-020
-18.160667   0.215021E-019  -0.480631E-021  -0.672420E-021   0.108196E-019
-17.971970   0.557982E-019  -0.124915E-020  -0.172629E-020   0.277936E-019
-17.770387   0.155236E-018  -0.348117E-020  -0.474640E-020   0.764692E-019
-17.552331   0.472840E-018  -0.106239E-019  -0.142680E-019   0.230048E-018
-17.317018   0.158861E-017  -0.357723E-019  -0.472346E-019   0.762247E-018
-17.072140   0.568302E-017  -0.128284E-018  -0.166290E-018   0.268613E-017
-16.833625   0.200066E-016  -0.452767E-018  -0.575919E-018   0.931248E-017
-16.612754   0.653599E-016  -0.148291E-017  -0.185180E-017   0.299738E-016
-16.410514   0.196423E-015  -0.446761E-017  -0.548088E-017   0.888044E-016
-16.223088   0.551257E-015  -0.125690E-016  -0.151566E-016   0.245820E-015
-16.046037   0.147104E-014  -0.336229E-016  -0.398647E-016   0.647201E-015
-15.875453   0.378967E-014  -0.868336E-016  -0.101233E-015   0.164519E-014
-15.707964   0.954080E-014  -0.219166E-015  -0.251209E-015   0.408677E-014
-15.540486   0.237185E-013  -0.546282E-015  -0.615407E-015   0.100226E-013
-15.369933   0.588003E-013  -0.135801E-014  -0.150279E-014   0.245026E-013
-15.192936   0.146887E-012  -0.340230E-014  -0.369555E-014   0.603284E-013
-15.005589   0.374140E-012  -0.869336E-014  -0.925819E-014   0.151336E-012
-14.803458   0.984166E-012  -0.229463E-013  -0.239242E-013   0.391636E-012
-14.582725   0.269599E-011  -0.630976E-013  -0.642876E-013   0.105408E-011
-14.344328   0.759649E-011  -0.178531E-012  -0.177446E-012   0.291465E-011
-14.099431   0.209375E-010  -0.494217E-012  -0.478880E-012   0.788069E-011
-13.863996   0.531893E-010  -0.126087E-011  -0.119218E-011   0.196556E-010
-13.645818   0.122044E-009  -0.290483E-011  -0.268464E-011   0.443406E-010
-13.444139   0.256157E-009  -0.612026E-011  -0.553766E-011   0.916168E-010
-13.255371   0.502081E-009  -0.120399E-010  -0.106782E-010   0.176951E-009
-13.075924   0.935950E-009  -0.225240E-010  -0.195969E-010   0.325262E-009
-12.902824   0.168334E-008  -0.406526E-010  -0.347136E-010   0.577075E-009
-12.733656   0.295391E-008  -0.715885E-010  -0.600059E-010   0.999126E-009
-12.566371   0.510376E-008  -0.124134E-009  -0.102126E-009   0.170322E-008
-12.399092   0.875198E-008  -0.213655E-009  -0.172457E-009   0.288109E-008
-12.229943   0.150074E-007  -0.367785E-009  -0.291068E-009   0.487134E-008
-12.056877   0.259330E-007  -0.638161E-009  -0.494669E-009   0.829477E-008
-11.877481   0.455512E-007  -0.112594E-008  -0.853593E-009   0.143434E-007
-11.688785   0.821582E-007  -0.204083E-008  -0.151012E-008   0.254349E-007
-11.487202   0.153965E-006  -0.384588E-008  -0.276988E-008   0.467778E-007
-11.269146   0.303248E-006  -0.762359E-008  -0.532466E-008   0.902035E-007
-11.033833   0.629416E-006  -0.159415E-007  -0.107509E-007   0.182795E-006
-10.788955   0.134519E-005  -0.343569E-007  -0.222868E-007   0.380528E-006
-10.550440   0.282182E-005  -0.727155E-007  -0.452919E-007   0.776829E-006
-10.329569   0.561555E-005  -0.146016E-006  -0.873430E-007   0.150507E-005
-10.127329   0.105613E-004  -0.277092E-006  -0.159289E-006   0.275784E-005
 -9.939902   0.189576E-004  -0.501883E-006  -0.277377E-006   0.482560E-005
 -9.762852   0.328417E-004  -0.877434E-006  -0.466157E-006   0.815048E-005
 -9.592268   0.554086E-004  -0.149434E-005  -0.762654E-006   0.134045E-004
 -9.424779   0.916848E-004  -0.249697E-005  -0.122275E-005   0.216111E-004
 -9.257300   0.149648E-003  -0.411768E-005  -0.193138E-005   0.343399E-004
 -9.086747   0.242167E-003  -0.673676E-005  -0.301944E-005   0.540357E-004
 -8.909750   0.390517E-003  -0.109927E-004  -0.469306E-005   0.845924E-004
 -8.722404   0.630939E-003  -0.179917E-004  -0.728531E-005   0.132385E-003
 -8.520273   0.102676E-002  -0.297042E-004  -0.113437E-004   0.208057E-003
 -8.299540   0.168721E-002  -0.496120E-004  -0.177411E-004   0.328944E-003
 -8.061142   0.277727E-002  -0.831661E-004  -0.276386E-004   0.518979E-003
 -7.816246   0.446565E-002  -0.136355E-003  -0.419070E-004   0.798097E-003
 -7.580811   0.682865E-002  -0.212617E-003  -0.604166E-004   0.116780E-002
 -7.362633   0.986558E-002  -0.313019E-003  -0.824418E-004   0.161765E-002
 -7.160954   0.135807E-001  -0.438767E-003  -0.107388E-003   0.213924E-002
 -6.972185   0.180124E-001  -0.592274E-003  -0.134925E-003   0.272943E-002
 -6.792739   0.232317E-001  -0.777258E-003  -0.164876E-003   0.338867E-002
 -6.619639   0.293395E-001  -0.998788E-003  -0.197125E-003   0.411949E-002
 -6.450471   0.364670E-001  -0.126350E-002  -0.231556E-003   0.492564E-002
 -6.283185   0.447824E-001  -0.157999E-002  -0.268005E-003   0.581153E-002
 -6.115906   0.545006E-001  -0.195958E-002  -0.306213E-003   0.678195E-002
 -5.946757   0.659000E-001  -0.241731E-002  -0.345756E-003   0.784146E-002
 -5.773692   0.793468E-001  -0.297372E-002  -0.385937E-003   0.899348E-002
 -5.594296   0.953297E-001  -0.365740E-002  -0.425592E-003   0.102382E-001
 -5.405600   0.114502E+000  -0.450884E-002  -0.462739E-003   0.115676E-001
 -5.204017   0.137705E+000  -0.558487E-002  -0.493971E-003   0.129544E-001
 -4.985961   0.165862E+000  -0.695909E-002  -0.513541E-003   0.143275E-001
 -4.750648   0.199404E+000  -0.869913E-002  -0.512984E-003   0.155315E-001
 -4.505769   0.236928E+000  -0.107906E-001  -0.484602E-003   0.163180E-001
 -4.267255   0.274783E+000  -0.130756E-001  -0.430318E-003   0.164814E-001
 -4.046383   0.309576E+000  -0.153537E-001  -0.363882E-003   0.160245E-001
 -3.844143   0.339921E+000  -0.174956E-001  -0.302856E-003   0.151038E-001
 -3.656717   0.365771E+000  -0.194312E-001  -0.263785E-003   0.139147E-001
 -3.479666   0.387628E+000  -0.211106E-001  -0.261901E-003   0.126523E-001
 -3.309083   0.406268E+000  -0.224861E-001  -0.311409E-003   0.115070E-001
 -3.141594   0.422720E+000  -0.235074E-001  -0.425213E-003   0.106647E-001
 -2.974115   0.438301E+000  -0.241212E-001  -0.614149E-003   0.103008E-001
 -2.803562   0.454671E+000  -0.242711E-001  -0.885856E-003   0.105712E-001
 -2.626565   0.473898E+000  -0.238970E-001  -0.124318E-002   0.115978E-001
 -2.439218   0.498530E+000  -0.229337E-001  -0.168147E-002   0.134470E-001
 -2.237088   0.531612E+000  -0.213145E-001  -0.218307E-002   0.160854E-001
 -2.016354   0.576288E+000  -0.189969E-001  -0.270578E-002   0.192860E-001
 -1.777957   0.633959E+000  -0.160530E-001  -0.316722E-002   0.224767E-001
 -1.533060   0.700876E+000  -0.127940E-001  -0.345718E-002   0.247631E-001
 -1.297626   0.768635E+000  -0.966527E-002  -0.350931E-002   0.254625E-001
 -1.079448   0.830307E+000  -0.694954E-002  -0.333777E-002   0.245075E-001
 -0.877768   0.882857E+000  -0.472208E-002  -0.299228E-002   0.221844E-001
 -0.689000   0.925522E+000  -0.296591E-002  -0.252048E-002   0.188262E-001
 -0.509553   0.958345E+000  -0.164395E-002  -0.195946E-002   0.147160E-001
 -0.336454   0.981566E+000  -0.723064E-003  -0.133766E-002   0.100836E-001
 -0.167285   0.995404E+000  -0.179660E-003  -0.677940E-003   0.512147E-002
  0.000000   0.100000E+001  -0.464244E-017  -0.266593E-008  -0.255658E-006
  0.167279   0.995404E+000  -0.179568E-003   0.677913E-003  -0.512181E-002
  0.336428   0.981568E+000  -0.722800E-003   0.133756E-002  -0.100834E-001
  0.509493   0.958353E+000  -0.164334E-002   0.195925E-002  -0.147149E-001
  0.688889   0.925543E+000  -0.296465E-002   0.252015E-002  -0.188243E-001
  0.877586   0.882901E+000  -0.471975E-002   0.299187E-002  -0.221819E-001
  1.079169   0.830384E+000  -0.694561E-002   0.333738E-002  -0.245054E-001
  1.297225   0.768754E+000  -0.965925E-002   0.350918E-002  -0.254623E-001
  1.532538   0.701027E+000  -0.127862E-001   0.345756E-002  -0.247666E-001
  1.777416   0.634102E+000  -0.160451E-001   0.316812E-002  -0.224834E-001
  2.015931   0.576385E+000  -0.189910E-001   0.270679E-002  -0.192925E-001
  2.236802   0.531666E+000  -0.213110E-001   0.218385E-002  -0.160897E-001
  2.439042   0.498555E+000  -0.229320E-001   0.168194E-002  -0.134490E-001
  2.626468   0.473907E+000  -0.238962E-001   0.124340E-002  -0.115983E-001
  2.803519   0.454673E+000  -0.242707E-001   0.885928E-003  -0.105710E-001
  2.974103   0.438300E+000  -0.241208E-001   0.614153E-003  -0.103004E-001
  3.141592   0.422720E+000  -0.235070E-001   0.425203E-003  -0.106643E-001
  3.309070   0.406270E+000  -0.224858E-001   0.311405E-003  -0.115066E-001
  3.479623   0.387635E+000  -0.211106E-001   0.261899E-003  -0.126516E-001
  3.656620   0.365788E+000  -0.194319E-001   0.263765E-003  -0.139137E-001
  3.843967   0.339954E+000  -0.174974E-001   0.302798E-003  -0.151024E-001
  4.046098   0.309630E+000  -0.153567E-001   0.363777E-003  -0.160232E-001
  4.266831   0.274862E+000  -0.130800E-001   0.430188E-003  -0.164809E-001
  4.505228   0.237023E+000  -0.107956E-001   0.484500E-003  -0.163190E-001
  4.750125   0.199490E+000  -0.870327E-002   0.512952E-003  -0.155338E-001
  4.985560   0.165925E+000  -0.696181E-002   0.513561E-003  -0.143299E-001
  5.203738   0.137745E+000  -0.558642E-002   0.494008E-003  -0.129563E-001
  5.405417   0.114526E+000  -0.450964E-002   0.462773E-003  -0.115689E-001
  5.594185   0.953437E-001  -0.365775E-002   0.425615E-003  -0.102390E-001
  5.773632   0.793545E-001  -0.297382E-002   0.385951E-003  -0.899385E-002
  5.946732   0.659042E-001  -0.241729E-002   0.345762E-003  -0.784158E-002
  6.115900   0.545030E-001  -0.195952E-002   0.306214E-003  -0.678195E-002
  6.283185   0.447842E-001  -0.157993E-002   0.268005E-003  -0.581151E-002
  6.450464   0.364688E-001  -0.126345E-002   0.231557E-003  -0.492565E-002
  6.619613   0.293416E-001  -0.998778E-003   0.197130E-003  -0.411959E-002
  6.792679   0.232347E-001  -0.777291E-003   0.164886E-003  -0.338889E-002
  6.972075   0.180162E-001  -0.592350E-003   0.134943E-003  -0.272981E-002
  7.160771   0.135853E-001  -0.438882E-003   0.107414E-003  -0.213978E-002
  7.362354   0.987084E-002  -0.313162E-003   0.824752E-004  -0.161833E-002
  7.580410   0.683407E-002  -0.212771E-003   0.604549E-004  -0.116857E-002
  7.815723   0.447046E-002  -0.136492E-003   0.419443E-004  -0.798831E-003
  8.060601   0.278061E-002  -0.832602E-004   0.276666E-004  -0.519520E-003
  8.299116   0.168901E-002  -0.496606E-004   0.177571E-004  -0.329249E-003
  8.519987   0.102759E-002  -0.297251E-004   0.113514E-004  -0.208201E-003
  8.722227   0.631288E-003  -0.179995E-004   0.728859E-005  -0.132445E-003
  8.909654   0.390651E-003  -0.109951E-004   0.469427E-005  -0.846145E-004
  9.086704   0.242214E-003  -0.673713E-005   0.301980E-005  -0.540420E-004
  9.257288   0.149663E-003  -0.411749E-005   0.193144E-005  -0.343409E-004
  9.424777   0.916911E-004  -0.249677E-005   0.122275E-005  -0.216110E-004
  9.592256   0.554144E-004  -0.149426E-005   0.762678E-006  -0.134050E-004
  9.762809   0.328486E-004  -0.877484E-006   0.466220E-006  -0.815157E-005
  9.939805   0.189653E-004  -0.502008E-006   0.277465E-006  -0.482713E-005
 10.127152   0.105686E-004  -0.277240E-006   0.159383E-006  -0.275947E-005
 10.329283   0.562160E-005  -0.146151E-006   0.874264E-007  -0.150652E-005
 10.550016   0.282612E-005  -0.728148E-007   0.453545E-007  -0.777908E-006
 10.788414   0.134767E-005  -0.344149E-007   0.223246E-007  -0.381177E-006
 11.033310   0.630538E-006  -0.159672E-007   0.107684E-007  -0.183095E-006
 11.268745   0.303676E-006  -0.763297E-008   0.533146E-008  -0.903192E-007
 11.486923   0.154120E-006  -0.384904E-008   0.277235E-008  -0.468197E-007
 11.688602   0.822144E-007  -0.204183E-008   0.151099E-008  -0.254496E-007
 11.877370   0.455715E-007  -0.112621E-008   0.853887E-009  -0.143484E-007
 12.056817   0.259402E-007  -0.638206E-009   0.494759E-009  -0.829628E-008
 12.229917   0.150100E-007  -0.367770E-009   0.291090E-009  -0.487170E-008
 12.399085   0.875293E-008  -0.213632E-009   0.172460E-009  -0.288114E-008
 12.566371   0.510424E-008  -0.124119E-009   0.102126E-009  -0.170322E-008
 12.733650   0.295424E-008  -0.715807E-010   0.600070E-010  -0.999143E-009
 12.902799   0.168364E-008  -0.406508E-010   0.347164E-010  -0.577121E-009
 13.075864   0.936232E-009  -0.225257E-010   0.196008E-010  -0.325326E-009
 13.255260   0.502331E-009  -0.120432E-010   0.106823E-010  -0.177020E-009
 13.443956   0.256360E-009  -0.612370E-011   0.554140E-011  -0.916788E-010
 13.645539   0.122191E-009  -0.290766E-011   0.268755E-011  -0.443888E-010
 13.863595   0.532828E-010  -0.126279E-011   0.119411E-011  -0.196875E-010
 14.098908   0.209861E-010  -0.495246E-012   0.479919E-012  -0.789782E-011
 14.343787   0.761567E-011  -0.178939E-012   0.177866E-012  -0.292157E-011
 14.582301   0.270187E-011  -0.632193E-013   0.644182E-013  -0.105623E-011
 14.803173   0.985754E-012  -0.229774E-013   0.239595E-013  -0.392215E-012
 15.005412   0.374545E-012  -0.870045E-014   0.926700E-014  -0.151480E-012
 15.192839   0.146983E-012  -0.340361E-014   0.369753E-014  -0.603606E-013
 15.369890   0.588212E-013  -0.135812E-014   0.150315E-014  -0.245084E-013
 15.540473   0.237227E-013  -0.546226E-015   0.615444E-015  -0.100232E-013
 15.707962   0.954193E-014  -0.219130E-015   0.251209E-015  -0.408677E-014
 15.875441   0.379036E-014  -0.868244E-016   0.101240E-015  -0.164529E-014
 16.045994   0.147159E-014  -0.336258E-016   0.398747E-016  -0.647364E-015
 16.222991   0.551650E-015  -0.125743E-016   0.151654E-016  -0.245963E-015
 16.410338   0.196661E-015  -0.447168E-017   0.548674E-017  -0.888994E-016
 16.612468   0.654816E-016  -0.148522E-017   0.185498E-017  -0.300252E-016
 16.833202   0.200587E-016  -0.453806E-018   0.577325E-018  -0.933522E-017
 17.071599   0.570076E-017  -0.128644E-018   0.166781E-018  -0.269406E-017
 17.316495   0.159333E-017  -0.358672E-019   0.473670E-019  -0.764384E-018
 17.551930   0.473938E-018  -0.106452E-019   0.142989E-019  -0.230546E-018
 17.770108   0.155492E-018  -0.348576E-020   0.475349E-020  -0.765835E-019
 17.971788   0.558599E-019  -0.125011E-020   0.172795E-020  -0.278203E-019
 18.160556   0.215174E-019  -0.480812E-021   0.672802E-021  -0.108257E-019
 18.340003   0.870613E-020  -0.194269E-021   0.274952E-021  -0.442169E-020
 18.513102   0.363659E-020  -0.810414E-022   0.115937E-021  -0.186352E-020
 18.682270   0.154573E-020  -0.344039E-022   0.497282E-022  -0.798921E-021
 18.849556   0.660168E-021  -0.146761E-022   0.214275E-022  -0.344089E-021
 19.016835   0.279934E-021  -0.621592E-023   0.916604E-023  -0.147124E-021
 19.185984   0.116401E-021  -0.258170E-023   0.384514E-023  -0.616908E-022
 19.359049   0.468074E-022  -0.103695E-023   0.156016E-023  -0.250198E-022
 19.538445   0.178981E-022  -0.396036E-024   0.602149E-024  -0.965201E-023
 19.727141   0.637086E-023  -0.140795E-024   0.216447E-024  -0.346784E-023
 19.928725   0.205524E-023  -0.453613E-025   0.705640E-025  -0.112998E-023
 20.146781   0.583273E-024  -0.128555E-025   0.202564E-025  -0.324205E-024
 20.382094   0.143149E-024  -0.315032E-026   0.503372E-026  -0.805189E-025
 20.626972   0.313749E-025  -0.689412E-027   0.111784E-026  -0.178703E-025
 20.865487   0.671789E-026  -0.147394E-027   0.242471E-027  -0.387405E-026
 21.086358   0.151397E-026  -0.331714E-028   0.553156E-028  -0.883336E-027
 21.288598   0.365343E-027  -0.799466E-029   0.135012E-028  -0.215498E-027
 21.476024   0.931348E-028  -0.203565E-029   0.347878E-029  -0.555018E-028
 21.653075   0.245957E-028  -0.537001E-030   0.928117E-030  -0.148014E-028
 21.823659   0.661014E-029  -0.144170E-030   0.251905E-030  -0.401575E-029
 21.991147   0.178023E-029  -0.387886E-031   0.685004E-031  -0.109159E-029
 22.158626   0.473653E-030  -0.103101E-031   0.184003E-031  -0.293110E-030
 22.329179   0.122667E-030  -0.266754E-032   0.481108E-032  -0.766112E-031
 22.506176   0.303976E-031  -0.660396E-033   0.120380E-032  -0.191624E-031
 22.693523   0.705749E-032  -0.153177E-033   0.282278E-033  -0.449173E-032
 22.895653   0.149768E-032  -0.324736E-034   0.605244E-034  -0.962734E-033
 23.116387   0.284690E-033  -0.616649E-035   0.116301E-034  -0.184924E-033
 23.354784   0.491081E-034  -0.106259E-035   0.202874E-035  -0.322455E-034
 23.599681   0.834273E-035  -0.180336E-036   0.348480E-036  -0.553679E-035
 23.835116   0.155668E-035  -0.336183E-037   0.656922E-037  -0.104339E-035
 24.053294   0.334662E-036  -0.722153E-038   0.142531E-037  -0.226315E-036
 24.254973   0.819323E-037  -0.176671E-038   0.351842E-038  -0.558516E-037
 24.443741   0.221659E-037  -0.477652E-039   0.959086E-039  -0.152209E-037
 24.623188   0.643672E-038  -0.138622E-039   0.280475E-039  -0.445023E-038
 24.796287   0.195835E-038  -0.421515E-040   0.859054E-040  -0.136276E-038
 24.965456   0.611888E-039  -0.131633E-040   0.270148E-040  -0.428465E-039
 25.132741   0.192962E-039  -0.414895E-041   0.857318E-041  -0.135948E-039
 25.300020   0.604230E-040  -0.129851E-041   0.270144E-041  -0.428297E-040
 25.469169   0.184761E-040  -0.396858E-042   0.831278E-042  -0.131770E-040
 25.642235   0.541507E-041  -0.116253E-042   0.245213E-042  -0.388625E-041
 25.821631   0.148752E-041  -0.319178E-043   0.678132E-043  -0.107453E-041
 26.010327   0.372378E-042  -0.798574E-044   0.170968E-043  -0.270852E-042
 26.211910   0.820188E-043  -0.175788E-044   0.379453E-044  -0.601009E-043
 26.429966   0.152907E-043  -0.327514E-045   0.713333E-045  -0.112958E-043
 26.665279   0.236168E-044  -0.505506E-046   0.111183E-045  -0.176017E-044
 26.910157   0.315834E-045  -0.675549E-047   0.150126E-046  -0.237607E-045
 27.148672   0.412169E-046  -0.880996E-048   0.197798E-047  -0.312980E-046
 27.369543   0.578989E-047  -0.123677E-048   0.280375E-048  -0.443540E-047
 27.571783   0.894718E-048  -0.191006E-049   0.436940E-049  -0.691071E-048
 27.759210   0.149294E-048  -0.318540E-050   0.734914E-050  -0.116212E-048
 27.936260   0.262032E-049  -0.558792E-051   0.129974E-050  -0.205490E-049
 28.106844   0.472449E-050  -0.100701E-051   0.236083E-051  -0.373181E-050
 28.274333   0.857492E-051  -0.182684E-052   0.431607E-052  -0.682131E-051
