 nmodes=            1  nfields=            2  max_plot=          289
 ky=   6.9368264099913646E-002   width=    1.000000000000000     
 theta     ((Re(field_i), Im(field_i),i=(1,nfields)),j=1,nmodes)
Tearing metric:  [   0.113016E-003   0.199773E+001   0.199794E+001   0.199818E+001 ]
DEP: [   0.139806E-002   0.000000E+000   0.000000E+000   0.000000E+000]
chi_th: [  -0.170614E+002   0.000000E+000   0.000000E+000   0.000000E+000]
chi_i: [  -0.876647E+002   0.000000E+000   0.000000E+000   0.000000E+000]
chi_i_cond: [  -0.469064E+002   0.000000E+000   0.000000E+000   0.000000E+000]
chi_e: [   0.163884E+003   0.000000E+000   0.000000E+000   0.000000E+000]
chi_e_cond: [   0.332953E+000   0.000000E+000   0.000000E+000   0.000000E+000]
i_QL_cond_flux: [  -0.273381E-004   0.000000E+000   0.000000E+000   0.000000E+000]
e_QL_cond_flux: [   0.332953E-006   0.000000E+000   0.000000E+000   0.000000E+000]
QL_ratio: [   0.323272E+003             NaN             NaN             NaN]
EP QL convective fraction: [   0.411141E+000             NaN             NaN             NaN]
<theta^2>: [   0.231967E+001   0.247825E+002   0.156269E+002   0.550092E+001]
 Mode kept T/F for each mode:    T  F  F  F
 Theta      Re(phi)        Im(phi)        Re(B_per)        Im(B_per)
-28.274335   0.271195E-168  -0.424289E-170  -0.377743E-169   0.592367E-168
-28.106289   0.596190E-166  -0.932857E-168  -0.824679E-167   0.129331E-165
-27.935124   0.134592E-163  -0.210623E-165  -0.184863E-164   0.289928E-163
-27.757411   0.334694E-161  -0.523830E-163  -0.456357E-162   0.715766E-161
-27.569155   0.995373E-159  -0.155809E-160  -0.134685E-159   0.211257E-158
-27.365801   0.388059E-156  -0.607537E-158  -0.520825E-157   0.816982E-156
-27.143505   0.211551E-153  -0.331259E-155  -0.281454E-154   0.441529E-153
-26.903708   0.148622E-150  -0.232767E-152  -0.195907E-151   0.307352E-150
-26.658742   0.948555E-148  -0.148591E-149  -0.123876E-148   0.194360E-147
-26.424853   0.368174E-145  -0.576859E-147  -0.476626E-146   0.747876E-145
-26.208842   0.767375E-143  -0.120256E-144  -0.985534E-144   0.154651E-142
-26.009103   0.938301E-141  -0.147069E-142  -0.119631E-141   0.187738E-140
-25.821698   0.769934E-139  -0.120700E-140  -0.975015E-140   0.153020E-138
-25.642967   0.476268E-137  -0.746754E-139  -0.599264E-138   0.940548E-137
-25.470005   0.242930E-135  -0.380960E-137  -0.303776E-136   0.476806E-135
-25.300546   0.109419E-133  -0.171619E-135  -0.135996E-134   0.213470E-133
-25.132741   0.459583E-132  -0.720956E-134  -0.567768E-133   0.891267E-132
-24.964942   0.188738E-130  -0.296129E-132  -0.231753E-131   0.363821E-130
-24.795500   0.793643E-129  -0.124545E-130  -0.968502E-130   0.152051E-128
-24.622570   0.359528E-127  -0.564309E-129  -0.435942E-128   0.684453E-127
-24.443886   0.186582E-125  -0.292917E-127  -0.224724E-126   0.352853E-125
-24.256548   0.119901E-123  -0.188276E-125  -0.143378E-124   0.225143E-123
-24.056902   0.105177E-121  -0.165197E-123  -0.124790E-122   0.195970E-121
-23.841013   0.140164E-119  -0.220215E-121  -0.164860E-120   0.258919E-119
-23.607253   0.300505E-117  -0.472288E-119  -0.350026E-118   0.549787E-117
-23.362322   0.905602E-115  -0.142382E-116  -0.104375E-115   0.163961E-114
-23.122410   0.266075E-112  -0.418499E-114  -0.303386E-113   0.476640E-112
-22.899973   0.565670E-110  -0.890072E-112  -0.638349E-111   0.100301E-109
-22.696508   0.824330E-108  -0.129757E-109  -0.921149E-109   0.144752E-107
-22.508170   0.882449E-106  -0.138958E-107  -0.976875E-107   0.153525E-105
-22.330402   0.756666E-104  -0.119196E-105  -0.830031E-105   0.130461E-103
-22.159206   0.559312E-102  -0.881413E-104  -0.608060E-103   0.955832E-102
-21.991150   0.378264E-100  -0.596336E-102  -0.407568E-101   0.640742E-100
-21.823103   0.246382E-098  -0.388581E-100  -0.263083E-099   0.413641E-098
-21.651939   0.162403E-096  -0.256242E-098  -0.171818E-097   0.270179E-096
-21.474226   0.114306E-094  -0.180437E-096  -0.119784E-095   0.188380E-094
-21.285969   0.914520E-093  -0.144431E-094  -0.948776E-094   0.149230E-092
-21.082616   0.891261E-091  -0.140833E-092  -0.914798E-092   0.143907E-090
-20.860320   0.110954E-088  -0.175428E-090  -0.112577E-089   0.177124E-088
-20.620522   0.165393E-086  -0.261673E-088  -0.165770E-087   0.260858E-086
-20.375556   0.225848E-084  -0.357563E-086  -0.223585E-085   0.351899E-084
-20.141667   0.208465E-082  -0.330259E-084  -0.203987E-083   0.321109E-082
-19.925657   0.118724E-080  -0.188204E-082  -0.114945E-081   0.180971E-080
-19.725918   0.447485E-079  -0.709778E-081  -0.429038E-080   0.675586E-079
-19.538512   0.123842E-077  -0.196542E-079  -0.117663E-078   0.185305E-077
-19.359781   0.275140E-076  -0.436892E-078  -0.259162E-077   0.408203E-076
-19.186820   0.525474E-075  -0.834840E-077  -0.490836E-076   0.773216E-075
-19.017361   0.908770E-074  -0.144457E-075  -0.841920E-075   0.132646E-073
-18.849556   0.148298E-072  -0.235860E-074  -0.136269E-073   0.214723E-072
-18.681757   0.236594E-071  -0.376502E-073  -0.215616E-072   0.339800E-071
-18.512315   0.381907E-070  -0.608097E-072  -0.345123E-071   0.543974E-070
-18.339384   0.647532E-069  -0.103168E-070  -0.580078E-070   0.914443E-069
-18.160701   0.120626E-067  -0.192313E-069  -0.107072E-068   0.168817E-067
-17.973363   0.261244E-066  -0.416801E-068  -0.229619E-067   0.362097E-066
-17.773717   0.705701E-065  -0.112682E-066  -0.613623E-066   0.967844E-065
-17.557827   0.256627E-063  -0.410145E-065  -0.220477E-064   0.347828E-063
-17.324068   0.130574E-061  -0.208909E-063  -0.110678E-062   0.174652E-061
-17.079136   0.839073E-060  -0.134406E-061  -0.700837E-061   0.110626E-059
-16.839225   0.520539E-058  -0.834878E-060  -0.428298E-059   0.676266E-058
-16.616788   0.251305E-056  -0.403571E-058  -0.203788E-057   0.321872E-056
-16.413322   0.910214E-055  -0.146353E-056  -0.727955E-056   0.115010E-054
-16.224984   0.260624E-053  -0.419570E-055  -0.205681E-054   0.325053E-053
-16.047217   0.628866E-052  -0.101364E-053  -0.489898E-053   0.774446E-052
-15.876021   0.134924E-050  -0.217748E-052  -0.103769E-051   0.164090E-050
-15.707964   0.268722E-049  -0.434233E-051  -0.204035E-050   0.322737E-049
-15.539918   0.515345E-048  -0.833866E-050  -0.386230E-049   0.611121E-048
-15.368753   0.985340E-047  -0.159659E-048  -0.728675E-048   0.115334E-046
-15.191041   0.194946E-045  -0.316351E-047  -0.142177E-046   0.225116E-045
-15.002784   0.416490E-044  -0.676963E-046  -0.299330E-045   0.474125E-044
-14.799431   0.100649E-042  -0.163888E-044  -0.712069E-044   0.112836E-042
-14.577135   0.283595E-041  -0.462709E-043  -0.197245E-042   0.312705E-041
-14.337337   0.888329E-040  -0.145259E-041  -0.606685E-041   0.962314E-040
-14.092371   0.256946E-038  -0.421134E-040  -0.172267E-039   0.273395E-038
-13.858482   0.558574E-037  -0.917586E-039  -0.367974E-038   0.584302E-037
-13.642472   0.861401E-036  -0.141810E-037  -0.558385E-037   0.887099E-036
-13.442733   0.992368E-035  -0.163705E-036  -0.633780E-036   0.100736E-034
-13.255327   0.918854E-034  -0.151876E-035  -0.578698E-035   0.920233E-034
-13.076596   0.727493E-033  -0.120477E-034  -0.452108E-034   0.719255E-033
-12.903635   0.516247E-032  -0.856573E-034  -0.316691E-033   0.504047E-032
-12.734176   0.340186E-031  -0.565537E-033  -0.206028E-032   0.328064E-031
-12.566371   0.214007E-030  -0.356475E-032  -0.127957E-031   0.203844E-030
-12.398571   0.131584E-029  -0.219631E-031  -0.776587E-031   0.123775E-029
-12.229129   0.808613E-029  -0.135258E-030  -0.470896E-030   0.750906E-029
-12.056199   0.508677E-028  -0.852818E-030  -0.292134E-029   0.466097E-028
-11.877515   0.336970E-027  -0.566343E-029  -0.190692E-028   0.304425E-027
-11.690177   0.243444E-026  -0.410276E-028  -0.135593E-027   0.216604E-026
-11.490531   0.200203E-025  -0.338448E-027  -0.109571E-026   0.175164E-025
-11.274642   0.196077E-024  -0.332663E-026  -0.105218E-025   0.168348E-024
-11.040882   0.233222E-023  -0.397344E-025  -0.122386E-024   0.196013E-023
-10.795951   0.314200E-022  -0.537875E-024  -0.160872E-023   0.257947E-022
-10.556040   0.404284E-021  -0.695646E-023  -0.201794E-022   0.323963E-021
-10.333603   0.435388E-020  -0.753078E-022  -0.211969E-021   0.340727E-020
-10.130137   0.385139E-019  -0.669635E-021  -0.183051E-020   0.294616E-019
 -9.941799   0.289901E-018  -0.506684E-020  -0.134603E-019   0.216918E-018
 -9.764032   0.193459E-017  -0.339924E-019  -0.877780E-019   0.141643E-017
 -9.592836   0.118372E-016  -0.209131E-018  -0.524844E-018   0.848065E-017
 -9.424779   0.681796E-016  -0.121145E-017  -0.295314E-017   0.477863E-016
 -9.256733   0.377765E-015  -0.675303E-017  -0.159745E-016   0.258887E-015
 -9.085568   0.205378E-014  -0.369523E-016  -0.847071E-016   0.137504E-014
 -8.907855   0.111804E-013  -0.202583E-015  -0.449148E-015   0.730415E-014
 -8.719599   0.623192E-013  -0.113802E-014  -0.243383E-014   0.396594E-013
 -8.516245   0.363942E-012  -0.670463E-014  -0.137821E-013   0.225098E-012
 -8.293949   0.225484E-011  -0.419587E-013  -0.825300E-013   0.135153E-011
 -8.054152   0.143727E-010  -0.270514E-012  -0.506845E-012   0.832574E-011
 -7.809186   0.851257E-010  -0.162194E-011  -0.288813E-011   0.476021E-010
 -7.575297   0.421497E-009  -0.813078E-011  -0.137730E-010   0.227791E-009
 -7.359286   0.170485E-008  -0.332840E-010  -0.537711E-010   0.892359E-009
 -7.159547   0.582327E-008  -0.115020E-009  -0.177635E-009   0.295791E-008
 -6.972142   0.175161E-007  -0.349960E-009  -0.517478E-009   0.864599E-008
 -6.793411   0.480095E-007  -0.970238E-009  -0.137465E-008   0.230466E-007
 -6.620449   0.122965E-006  -0.251409E-008  -0.341296E-008   0.574236E-007
 -6.450990   0.299766E-006  -0.620276E-008  -0.806268E-008   0.136163E-006
 -6.283185   0.705231E-006  -0.147763E-007  -0.183669E-007   0.311417E-006
 -6.115386   0.161901E-005  -0.343739E-007  -0.407772E-007   0.694366E-006
 -5.945944   0.366285E-005  -0.788782E-007  -0.890567E-007   0.152364E-005
 -5.773014   0.824704E-005  -0.180360E-006  -0.193080E-006   0.332072E-005
 -5.594330   0.186787E-004  -0.415549E-006  -0.419640E-006   0.726057E-005
 -5.406992   0.430827E-004  -0.977248E-006  -0.924336E-006   0.161051E-004
 -5.207346   0.102581E-003  -0.237996E-005  -0.208762E-005   0.366818E-004
 -4.991457   0.255113E-003  -0.608034E-005  -0.487833E-005   0.866245E-004
 -4.757697   0.661473E-003  -0.162876E-004  -0.117390E-004   0.211270E-003
 -4.512766   0.172270E-002  -0.440873E-004  -0.279953E-004   0.512483E-003
 -4.272855   0.420731E-002  -0.112407E-003  -0.619556E-004   0.115767E-002
 -4.050417   0.922064E-002  -0.257777E-003  -0.122205E-003   0.233808E-002
 -3.846952   0.181442E-001  -0.531569E-003  -0.215109E-003   0.422769E-002
 -3.658614   0.326327E-001  -0.100351E-002  -0.343281E-003   0.695858E-002
 -3.480846   0.545570E-001  -0.176481E-002  -0.503453E-003   0.105819E-001
 -3.309650   0.858301E-001  -0.292838E-002  -0.683836E-003   0.150109E-001
 -3.141594   0.128104E+000  -0.462457E-002  -0.862124E-003   0.199591E-001
 -2.973547   0.182342E+000  -0.698989E-002  -0.100565E-002   0.248934E-001
 -2.802383   0.248306E+000  -0.101457E-001  -0.107566E-002   0.290274E-001
 -2.624670   0.324008E+000  -0.141606E-001  -0.103823E-002   0.313885E-001
 -2.436413   0.405233E+000  -0.189842E-001  -0.885263E-003   0.310100E-001
 -2.233060   0.485344E+000  -0.243225E-001  -0.669735E-003   0.273362E-001
 -2.010764   0.556127E+000  -0.294256E-001  -0.551195E-003   0.209633E-001
 -1.770966   0.611609E+000  -0.329163E-001  -0.792267E-003   0.144701E-001
 -1.526000   0.654951E+000  -0.333239E-001  -0.155638E-002   0.115146E-001
 -1.292111   0.697648E+000  -0.304073E-001  -0.264289E-002   0.132578E-001
 -1.076101   0.747685E+000  -0.252319E-001  -0.364343E-002   0.174688E-001
 -0.876362   0.804745E+000  -0.190940E-001  -0.424611E-002   0.212409E-001
 -0.688956   0.863707E+000  -0.129973E-001  -0.430831E-002   0.226388E-001
 -0.510225   0.918105E+000  -0.763954E-002  -0.381609E-002   0.208531E-001
 -0.337264   0.961877E+000  -0.349831E-002  -0.284137E-002   0.159526E-001
 -0.167805   0.990205E+000  -0.890401E-003  -0.151375E-002   0.863240E-002
  0.000000   0.100000E+001  -0.235215E-016  -0.284896E-006  -0.874307E-006
  0.167799   0.990200E+000  -0.887886E-003   0.151315E-002  -0.863387E-002
  0.337241   0.961871E+000  -0.349328E-002   0.284069E-002  -0.159534E-001
  0.510172   0.918106E+000  -0.763199E-002   0.381539E-002  -0.208534E-001
  0.688855   0.863724E+000  -0.129872E-001   0.430777E-002  -0.226398E-001
  0.876193   0.804784E+000  -0.190816E-001   0.424608E-002  -0.212442E-001
  1.075839   0.747744E+000  -0.252179E-001   0.364430E-002  -0.174751E-001
  1.291729   0.697720E+000  -0.303940E-001   0.264472E-002  -0.132643E-001
  1.525488   0.655031E+000  -0.333152E-001   0.155847E-002  -0.115137E-001
  1.770419   0.611709E+000  -0.329143E-001   0.793370E-003  -0.144578E-001
  2.010331   0.556240E+000  -0.294258E-001   0.551173E-003  -0.209491E-001
  2.232768   0.485442E+000  -0.243200E-001   0.669378E-003  -0.273283E-001
  2.436233   0.405296E+000  -0.189780E-001   0.885020E-003  -0.310082E-001
  2.624572   0.324034E+000  -0.141521E-001   0.103814E-002  -0.313894E-001
  2.802339   0.248305E+000  -0.101365E-001   0.107564E-002  -0.290285E-001
  2.973535   0.182329E+000  -0.698159E-002   0.100564E-002  -0.248940E-001
  3.141592   0.128091E+000  -0.461788E-002   0.862110E-003  -0.199593E-001
  3.309638   0.858228E-001  -0.292350E-002   0.683838E-003  -0.150113E-001
  3.480803   0.545572E-001  -0.176159E-002   0.503492E-003  -0.105831E-001
  3.658515   0.326389E-001  -0.100161E-002   0.343364E-003  -0.696053E-002
  3.846772   0.181533E-001  -0.530575E-003   0.215220E-003  -0.423009E-002
  4.050125   0.922952E-002  -0.257334E-003   0.122321E-003  -0.234043E-002
  4.272421   0.421381E-002  -0.112240E-003   0.620485E-004  -0.115948E-002
  4.512219   0.172616E-002  -0.440253E-004   0.280504E-004  -0.513522E-003
  4.757185   0.662762E-003  -0.162569E-004   0.117620E-004  -0.211695E-003
  4.991074   0.255491E-003  -0.606362E-005   0.488596E-005  -0.867632E-004
  5.207084   0.102680E-003  -0.237132E-005   0.208993E-005  -0.367234E-004
  5.406823   0.431059E-004  -0.972961E-006   0.925004E-006  -0.161170E-004
  5.594229   0.186828E-004  -0.413468E-006   0.419821E-006  -0.726383E-005
  5.772960   0.824695E-005  -0.179365E-006   0.193124E-006  -0.332152E-005
  5.945921   0.366226E-005  -0.784098E-007   0.890647E-007  -0.152379E-005
  6.115380   0.161861E-005  -0.341577E-007   0.407778E-007  -0.694384E-006
  6.283185   0.705033E-006  -0.146791E-007   0.183668E-007  -0.311418E-006
  6.450985   0.299687E-006  -0.616044E-008   0.806281E-008  -0.136167E-006
  6.620427   0.122942E-006  -0.249648E-008   0.341331E-008  -0.574302E-007
  6.793357   0.480090E-007  -0.963347E-009   0.137503E-008  -0.230533E-007
  6.972041   0.175210E-007  -0.347477E-009   0.517771E-009  -0.865100E-008
  7.159379   0.582755E-008  -0.114223E-009   0.177816E-009  -0.296096E-008
  7.359025   0.170727E-008  -0.330652E-010   0.538625E-010  -0.893890E-009
  7.574914   0.422498E-009  -0.808216E-011   0.138094E-010  -0.228397E-009
  7.808673   0.854186E-010  -0.161333E-011   0.289883E-011  -0.477792E-010
  8.053605   0.144295E-010  -0.269098E-012   0.508985E-012  -0.836103E-011
  8.293516   0.226252E-011  -0.416984E-013   0.828359E-013  -0.135656E-011
  8.515953   0.364810E-012  -0.665350E-014   0.138196E-013  -0.225713E-012
  8.719419   0.624065E-013  -0.112779E-014   0.243813E-014  -0.397299E-013
  8.907757   0.111872E-013  -0.200530E-015   0.449595E-015  -0.731149E-014
  9.085524   0.205384E-014  -0.365440E-016   0.847446E-016  -0.137566E-014
  9.256720   0.377646E-015  -0.667382E-017   0.159763E-016  -0.258917E-015
  9.424777   0.681495E-016  -0.119669E-017   0.295312E-017  -0.477865E-016
  9.592823   0.118333E-016  -0.206537E-018   0.524904E-018  -0.848169E-017
  9.763988   0.193466E-017  -0.335720E-019   0.878208E-019  -0.141713E-017
  9.941700   0.290103E-018  -0.500576E-020   0.134758E-019  -0.217169E-018
 10.129957   0.385788E-019  -0.661984E-021   0.183443E-020  -0.295249E-019
 10.333310   0.436705E-020  -0.745193E-022   0.212707E-021  -0.341916E-020
 10.555607   0.406129E-021  -0.689145E-023   0.202807E-022  -0.325591E-021
 10.795404   0.315965E-022  -0.533184E-024   0.161849E-023  -0.259516E-022
 11.040370   0.234433E-023  -0.393549E-025   0.123080E-024  -0.197125E-023
 11.274259   0.196820E-024  -0.328898E-026   0.105669E-025  -0.169071E-024
 11.490269   0.200681E-025  -0.334034E-027   0.109890E-026  -0.175675E-025
 11.690009   0.243760E-026  -0.404357E-028   0.135842E-027  -0.217004E-026
 11.877414   0.337143E-027  -0.557575E-029   0.190897E-028  -0.304754E-027
 12.056145   0.508668E-028  -0.838940E-030   0.292295E-029  -0.466358E-028
 12.229107   0.808326E-029  -0.132977E-030   0.471001E-030  -0.751078E-029
 12.398566   0.131513E-029  -0.215832E-031   0.776623E-031  -0.123781E-029
 12.566371   0.213878E-030  -0.350202E-032   0.127957E-031  -0.203845E-030
 12.734170   0.339996E-031  -0.555470E-033   0.206038E-032  -0.328082E-031
 12.903612   0.516054E-032  -0.841268E-034   0.316765E-033  -0.504168E-032
 13.076542   0.727480E-033  -0.118336E-034   0.452378E-034  -0.719689E-033
 13.255226   0.919380E-034  -0.149225E-035   0.579388E-035  -0.921335E-034
 13.442564   0.993837E-035  -0.160948E-036   0.635113E-036  -0.100949E-034
 13.642210   0.863824E-036  -0.139564E-037   0.560305E-037  -0.890156E-036
 13.858099   0.561154E-037  -0.904374E-039   0.369905E-038  -0.587372E-037
 14.091859   0.258638E-038  -0.415726E-040   0.173510E-039  -0.275369E-038
 14.336790   0.894925E-040  -0.143456E-041   0.611578E-041  -0.970081E-040
 14.576701   0.285381E-041  -0.456268E-043   0.198617E-042  -0.314882E-041
 14.799139   0.101086E-042  -0.161232E-044   0.715648E-044  -0.113404E-042
 15.002604   0.417538E-044  -0.664536E-046   0.300293E-045  -0.475653E-044
 15.190942   0.195155E-045  -0.309992E-047   0.142432E-046  -0.225521E-045
 15.368710   0.985399E-047  -0.156239E-048   0.729251E-048  -0.115426E-046
 15.539906   0.515064E-048  -0.815252E-050   0.386306E-049  -0.611244E-048
 15.707962   0.268519E-049  -0.424318E-051   0.204035E-050  -0.322738E-049
 15.876008   0.134849E-050  -0.212751E-052   0.103790E-051  -0.164124E-050
 16.047173   0.628906E-052  -0.990676E-054   0.490306E-053  -0.775095E-052
 16.224886   0.260927E-053  -0.410384E-055   0.206080E-054  -0.325684E-053
 16.413143   0.912758E-055  -0.143334E-056   0.730558E-056  -0.115422E-054
 16.616496   0.252554E-056  -0.395961E-058   0.204961E-057  -0.323725E-056
 16.838792   0.524404E-058  -0.820827E-060   0.431817E-059  -0.681826E-058
 17.078590   0.846666E-060  -0.132305E-061   0.707739E-061  -0.111716E-059
 17.323555   0.131657E-061  -0.205406E-063   0.111685E-062  -0.176243E-061
 17.557444   0.258166E-063  -0.402203E-065   0.221982E-064  -0.350204E-063
 17.773455   0.708349E-065  -0.110217E-066   0.616446E-066  -0.972301E-065
 17.973194   0.261773E-066  -0.406860E-068   0.230282E-067  -0.363144E-066
 18.160600   0.120722E-067  -0.187445E-069   0.107251E-068  -0.169101E-067
 18.339331   0.647517E-069  -0.100447E-070   0.580577E-070  -0.915233E-069
 18.512292   0.381699E-070  -0.591605E-072   0.345243E-071  -0.544165E-070
 18.681751   0.236398E-071  -0.366098E-073   0.215632E-072  -0.339826E-071
 18.849556   0.148163E-072  -0.229269E-074   0.136269E-073  -0.214723E-072
 19.017355   0.908006E-074  -0.140396E-075   0.841983E-075  -0.132656E-073
 19.186797   0.525178E-075  -0.811400E-077   0.491013E-076  -0.773497E-075
 19.359728   0.275133E-076  -0.424748E-078   0.259396E-077  -0.408574E-076
 19.538411   0.123949E-077  -0.191198E-079   0.117874E-078  -0.185637E-077
 19.725749   0.448472E-079  -0.691219E-081   0.430389E-080  -0.677715E-079
 19.925395   0.119219E-080  -0.183588E-082   0.115533E-081  -0.181898E-080
 20.141285   0.209886E-082  -0.322902E-084   0.205572E-083  -0.323606E-082
 20.375044   0.228031E-084  -0.350458E-086   0.225960E-085  -0.355639E-084
 20.619975   0.167186E-086  -0.256672E-088   0.167727E-087  -0.263940E-086
 20.859887   0.111967E-088  -0.171718E-090   0.113717E-089  -0.178917E-088
 21.082324   0.896850E-091  -0.137412E-092   0.921452E-092  -0.144954E-090
 21.285789   0.917825E-093  -0.140501E-094   0.953170E-094  -0.149922E-092
 21.474128   0.114482E-094  -0.175107E-096   0.120092E-095  -0.188865E-094
 21.651895   0.162417E-096  -0.248234E-098   0.172012E-097  -0.270485E-096
 21.823091   0.246192E-098  -0.375997E-100   0.263157E-099  -0.413759E-098
 21.991147   0.377862E-100  -0.576678E-102   0.407568E-101  -0.640744E-100
 22.159194   0.558873E-102  -0.852334E-104   0.608234E-103  -0.956109E-102
 22.330358   0.756735E-104  -0.115329E-105   0.831003E-105  -0.130615E-103
 22.508071   0.883883E-106  -0.134613E-107   0.979526E-107  -0.153943E-105
 22.696328   0.827536E-108  -0.125943E-109   0.925743E-109  -0.145474E-107
 22.899681   0.569568E-110  -0.866188E-112   0.643453E-111  -0.101103E-109
 23.121977   0.268805E-112  -0.408482E-114   0.306837E-113  -0.482064E-112
 23.361775   0.916881E-115  -0.139222E-116   0.105793E-115  -0.166188E-114
 23.606741   0.303919E-117  -0.461127E-119   0.354401E-118  -0.556661E-117
 23.840630   0.141312E-119  -0.214259E-121   0.166399E-120  -0.261338E-119
 24.056640   0.105713E-121  -0.160186E-123   0.125572E-122  -0.197199E-121
 24.256379   0.120230E-123  -0.182083E-125   0.143941E-124  -0.226027E-123
 24.443785   0.186784E-125  -0.282736E-127   0.225234E-126  -0.353655E-125
 24.622516   0.359517E-127  -0.543949E-129   0.436449E-128  -0.685252E-127
 24.795477   0.793062E-129  -0.119938E-130   0.968957E-130  -0.152123E-128
 24.964936   0.188528E-130  -0.284998E-132   0.231776E-131  -0.363858E-130
 25.132741   0.459022E-132  -0.693620E-134   0.567767E-133  -0.891268E-132
 25.300541   0.109296E-133  -0.165088E-135   0.136009E-134  -0.213492E-133
 25.469982   0.242748E-135  -0.366514E-137   0.303923E-136  -0.477037E-135
 25.642913   0.476253E-137  -0.718777E-139   0.599988E-138  -0.941686E-137
 25.821597   0.770811E-139  -0.116284E-140   0.977342E-140  -0.153386E-138
 26.008934   0.941048E-141  -0.141903E-142   0.120131E-141  -0.188524E-140
 26.208581   0.771613E-143  -0.116299E-144   0.992222E-144  -0.155701E-142
 26.424470   0.371489E-145  -0.559626E-147   0.481525E-146  -0.755565E-145
 26.658229   0.960634E-148  -0.144633E-149   0.125612E-148  -0.197085E-147
 26.903161   0.150739E-150  -0.226818E-152   0.198951E-151  -0.312128E-150
 27.143072   0.214082E-153  -0.321943E-155   0.285191E-154  -0.447392E-153
 27.365509   0.391236E-156  -0.588031E-158   0.525778E-157  -0.824754E-156
 27.568975   0.100006E-158  -0.150233E-160   0.135498E-159  -0.212533E-158
 27.757313   0.335363E-161  -0.503561E-163   0.457882E-162  -0.718159E-161
 27.935080   0.134608E-163  -0.202029E-165   0.185134E-164  -0.290354E-163
 28.106276   0.595596E-166  -0.893527E-168   0.824981E-167  -0.129379E-165
 28.274333   0.270824E-168  -0.406126E-170   0.377744E-169  -0.592370E-168
