 nmodes=            3  nfields=            2  max_plot=          289
 ky=   0.1085107710838068        width=    1.000000000000000     
 theta     ((Re(field_i), Im(field_i),i=(1,nfields)),j=1,nmodes)
Tearing metric:  [   0.125733E-003   0.199797E+001   0.199774E+001   0.210916E-003 ]
DEP: [   0.600875E-002  -0.236275E+000   0.814974E-002   0.000000E+000]
chi_th: [  -0.424947E+003  -0.420398E+005   0.120686E+006   0.000000E+000]
chi_i: [  -0.188840E+004   0.363236E+004   0.277503E+006   0.000000E+000]
chi_i_cond: [  -0.118241E+004  -0.807545E+005   0.316135E+006   0.000000E+000]
chi_e: [   0.241115E+004  -0.733021E+005  -0.160692E+005   0.000000E+000]
chi_e_cond: [   0.127874E+002  -0.196668E+005   0.773791E+004   0.000000E+000]
i_QL_cond_flux: [  -0.683307E-003  -0.466674E-001   0.182692E+000   0.000000E+000]
e_QL_cond_flux: [   0.127874E-004  -0.196668E-001   0.773791E-002   0.000000E+000]
QL_ratio: [   0.584292E+002   0.113801E+003  -0.164502E+000             NaN]
EP QL convective fraction: [   0.993771E+000  -0.293769E+000  -0.179062E+001             NaN]
<theta^2>: [   0.217784E+001   0.310236E+001   0.295847E+001   0.960285E+001]
 Mode kept T/F for each mode:    T  F  F  F
 Theta      Re(phi)        Im(phi)        Re(B_per)        Im(B_per)
-28.274335   0.247749E-168  -0.539367E-171  -0.129496E-168   0.701246E-168
-28.108188   0.528171E-166  -0.115131E-168  -0.274183E-166   0.148479E-165
-27.939083   0.115877E-163  -0.252917E-166  -0.597345E-164   0.323489E-163
-27.763770   0.280556E-161  -0.613187E-164  -0.143585E-161   0.777598E-161
-27.578463   0.810768E-159  -0.177460E-161  -0.411812E-159   0.223027E-158
-27.378749   0.304502E-156  -0.667543E-159  -0.153426E-156   0.830939E-156
-27.160408   0.158600E-153  -0.348289E-156  -0.792249E-154   0.429089E-153
-26.922975   0.109141E-150  -0.240125E-153  -0.540208E-151   0.292591E-150
-26.675945   0.738901E-148  -0.162884E-150  -0.362332E-148   0.196256E-147
-26.436197   0.323048E-145  -0.713471E-148  -0.157014E-145   0.850490E-145
-26.213928   0.751462E-143  -0.166256E-145  -0.362300E-143   0.196252E-142
-26.009474   0.984489E-141  -0.218163E-143  -0.471176E-141   0.255237E-140
-25.819292   0.829735E-139  -0.184148E-141  -0.394429E-139   0.213669E-138
-25.639531   0.508729E-137  -0.113069E-139  -0.240297E-137   0.130177E-136
-25.466919   0.250195E-135  -0.556858E-138  -0.117460E-135   0.636334E-135
-25.298759   0.106623E-133  -0.237639E-136  -0.497593E-134   0.269576E-133
-25.132741   0.419772E-132  -0.936884E-135  -0.194750E-132   0.105510E-131
-24.966731   0.161703E-130  -0.361414E-133  -0.745769E-131   0.404049E-130
-24.798595   0.644589E-129  -0.144280E-131  -0.295486E-129   0.160095E-128
-24.626025   0.282255E-127  -0.632756E-130  -0.128577E-127   0.696653E-127
-24.446325   0.145483E-125  -0.326681E-128  -0.658329E-126   0.356706E-125
-24.256229   0.960328E-124  -0.216031E-126  -0.431458E-124   0.233787E-123
-24.051891   0.899197E-122  -0.202688E-124  -0.400820E-122   0.217194E-121
-23.829763   0.132496E-119  -0.299346E-122  -0.585419E-120   0.317237E-119
-23.590143   0.315701E-117  -0.715128E-120  -0.138122E-117   0.748516E-117
-23.343101   0.999834E-115  -0.227133E-117  -0.432831E-115   0.234574E-114
-23.105524   0.287711E-112  -0.655522E-115  -0.123234E-112   0.667910E-112
-22.887035   0.586927E-110  -0.134111E-112  -0.248847E-110   0.134878E-109
-22.687205   0.827529E-108  -0.189616E-110  -0.347478E-108   0.188347E-107
-22.501813   0.864129E-106  -0.198542E-108  -0.359500E-106   0.194873E-105
-22.326445   0.724491E-104  -0.166906E-106  -0.298709E-104   0.161929E-103
-22.157307   0.523224E-102  -0.120863E-104  -0.213826E-102   0.115920E-101
-21.991150   0.345399E-100  -0.800040E-103  -0.139915E-100   0.758549E-100
-21.825003   0.219689E-098  -0.510286E-101  -0.882041E-099   0.478223E-098
-21.655897   0.141652E-096  -0.329981E-099  -0.563581E-097   0.305578E-096
-21.480585   0.976781E-095  -0.228240E-097  -0.384984E-095   0.208753E-094
-21.295277   0.764542E-093  -0.179232E-095  -0.298370E-093   0.161798E-092
-21.095563   0.724211E-091  -0.170381E-093  -0.279671E-091   0.151668E-090
-20.877223   0.870936E-089  -0.205700E-091  -0.332543E-089   0.180354E-088
-20.639790   0.127848E-086  -0.303239E-089  -0.482291E-087   0.261590E-086
-20.392759   0.182671E-084  -0.435191E-087  -0.680668E-085   0.369218E-084
-20.153011   0.184588E-082  -0.441656E-085  -0.679787E-083   0.368771E-082
-19.930742   0.114231E-080  -0.274415E-083  -0.416192E-081   0.225793E-080
-19.726289   0.453488E-079  -0.109346E-081  -0.163617E-079   0.887717E-079
-19.536107   0.128023E-077  -0.309774E-080  -0.457745E-078   0.248370E-077
-19.356345   0.282460E-076  -0.685752E-079  -0.100136E-076   0.543367E-076
-19.183733   0.524774E-075  -0.127820E-077  -0.184522E-075   0.100133E-074
-19.015574   0.870581E-074  -0.212734E-076  -0.303676E-074   0.164804E-073
-18.849556   0.135352E-072  -0.331820E-075  -0.468399E-073   0.254214E-072
-18.683546   0.205886E-071  -0.506416E-074  -0.706808E-072   0.383630E-071
-18.515410   0.319429E-070  -0.788406E-073  -0.108765E-070   0.590375E-070
-18.342839   0.528223E-069  -0.130849E-071  -0.178330E-069   0.968043E-069
-18.163139   0.979279E-068  -0.243532E-070  -0.327633E-068   0.177865E-067
-17.973044   0.216388E-066  -0.540433E-069  -0.716922E-067   0.389234E-066
-17.768705   0.613426E-065  -0.153942E-067  -0.201058E-065   0.109169E-064
-17.546578   0.240156E-063  -0.605998E-066  -0.777679E-064   0.422305E-063
-17.306958   0.131978E-061  -0.335125E-064  -0.421619E-062   0.228981E-061
-17.059916   0.878905E-060  -0.224725E-062  -0.276702E-060   0.150297E-059
-16.822339   0.536759E-058  -0.138226E-060  -0.166511E-058   0.904572E-058
-16.603850   0.251392E-056  -0.651950E-059  -0.768854E-057   0.417738E-056
-16.404020   0.888810E-055  -0.232083E-057  -0.268175E-055   0.145726E-054
-16.218628   0.249929E-053  -0.656998E-056  -0.744339E-054   0.404528E-053
-16.043259   0.593329E-052  -0.157013E-054  -0.174477E-052   0.948364E-052
-15.874121   0.125192E-050  -0.333520E-053  -0.363559E-051   0.197638E-050
-15.707964   0.245072E-049  -0.657361E-052  -0.702826E-050   0.382124E-049
-15.541817   0.462146E-048  -0.124837E-050  -0.130862E-048   0.711596E-048
-15.372712   0.870052E-047  -0.236756E-049  -0.243176E-047   0.132253E-046
-15.197400   0.169696E-045  -0.465377E-048  -0.467909E-046   0.254517E-045
-15.012092   0.357099E-044  -0.987539E-047  -0.970664E-045   0.528081E-044
-14.812378   0.846299E-043  -0.236187E-045  -0.226545E-043   0.123274E-042
-14.594038   0.232916E-041  -0.656619E-044  -0.613251E-042   0.333770E-041
-14.356604   0.722297E-040  -0.205891E-042  -0.186827E-040   0.101707E-039
-14.109574   0.215607E-038  -0.621767E-041  -0.547608E-039   0.298190E-038
-13.869826   0.498591E-037  -0.145431E-039  -0.124440E-037   0.677785E-037
-13.647557   0.813265E-036  -0.239767E-038  -0.199740E-036   0.108818E-035
-13.443104   0.969909E-035  -0.288818E-037  -0.234728E-035   0.127908E-034
-13.252922   0.909712E-034  -0.273461E-036  -0.217165E-034   0.118363E-033
-13.073160   0.716618E-033  -0.217382E-035  -0.168865E-033   0.920566E-033
-12.900548   0.499110E-032  -0.152755E-034  -0.116147E-032   0.633306E-032
-12.732389   0.319880E-031  -0.987719E-034  -0.735290E-032   0.401009E-031
-12.566371   0.194889E-030  -0.607188E-033  -0.442520E-031   0.241390E-030
-12.400360   0.116140E-029  -0.365183E-032  -0.260454E-030   0.142106E-029
-12.232225   0.695567E-029  -0.220818E-031  -0.154005E-029   0.840457E-029
-12.059654   0.430606E-028  -0.138100E-030  -0.940732E-029   0.513516E-028
-11.879954   0.284447E-027  -0.922342E-030  -0.612631E-028   0.334506E-027
-11.689859   0.208228E-026  -0.683442E-029  -0.441580E-027   0.241182E-026
-11.485520   0.176636E-025  -0.587753E-028  -0.368195E-026   0.201169E-025
-11.263393   0.181277E-024  -0.612792E-027  -0.370589E-025   0.202559E-024
-11.023772   0.226226E-023  -0.778792E-026  -0.452413E-024   0.247399E-023
-10.776731   0.311370E-022  -0.109384E-024  -0.607939E-023   0.332625E-022
-10.539154   0.396381E-021  -0.142219E-023  -0.755233E-022   0.413450E-021
-10.320665   0.418660E-020  -0.153400E-022  -0.778920E-021   0.426664E-020
-10.120834   0.364709E-019  -0.136417E-021  -0.663156E-020   0.363463E-019
 -9.935443   0.271402E-018  -0.103609E-020  -0.482618E-019   0.264669E-018
 -9.760074   0.179284E-017  -0.698556E-020  -0.311891E-018   0.171144E-017
 -9.590936   0.108581E-016  -0.431936E-019  -0.184799E-017   0.101468E-016
 -9.424779   0.618937E-016  -0.251516E-018  -0.103031E-016   0.566086E-016
 -9.258632   0.339534E-015  -0.141068E-017  -0.552518E-016   0.303781E-015
 -9.089527   0.182935E-014  -0.778015E-017  -0.290752E-015   0.159979E-014
 -8.914214   0.987759E-014  -0.430712E-016  -0.153144E-014   0.843330E-014
 -8.728907   0.545923E-013  -0.244591E-015  -0.824240E-014   0.454307E-013
 -8.529193   0.315429E-012  -0.145615E-014  -0.462694E-013   0.255295E-012
 -8.310852   0.192988E-011  -0.921198E-014  -0.274245E-012   0.151500E-011
 -8.073419   0.122406E-010  -0.606380E-013  -0.168012E-011   0.929428E-011
 -7.826389   0.737385E-010  -0.379997E-012  -0.976001E-011   0.540749E-010
 -7.586641   0.376975E-009  -0.202036E-011  -0.481506E-010   0.267202E-009
 -7.364372   0.156803E-008  -0.872282E-011  -0.193692E-009   0.107656E-008
 -7.159918   0.544435E-008  -0.313710E-010  -0.651805E-009   0.362842E-008
 -6.969736   0.164617E-007  -0.980970E-010  -0.191323E-008   0.106668E-007
 -6.789975   0.449549E-007  -0.276786E-009  -0.507724E-008   0.283512E-007
 -6.617363   0.113986E-006  -0.724850E-009  -0.125160E-007   0.700004E-007
 -6.449203   0.273989E-006  -0.179981E-008  -0.292485E-007   0.163854E-006
 -6.283185   0.634556E-006  -0.430876E-008  -0.658238E-007   0.369400E-006
 -6.117175   0.143521E-005  -0.100858E-007  -0.144527E-006   0.812609E-006
 -5.949039   0.320827E-005  -0.233762E-007  -0.313153E-006   0.176437E-005
 -5.776469   0.717036E-005  -0.543093E-007  -0.676888E-006   0.382254E-005
 -5.596769   0.162155E-004  -0.128129E-006  -0.147585E-005   0.835650E-005
 -5.406673   0.375936E-004  -0.311430E-006  -0.328449E-005   0.186552E-004
 -5.202335   0.905859E-004  -0.792100E-006  -0.755110E-005   0.430504E-004
 -4.980208   0.229158E-003  -0.213438E-005  -0.180742E-004   0.103531E-003
 -4.740587   0.603578E-003  -0.605369E-005  -0.445778E-004   0.256879E-003
 -4.493545   0.157809E-002  -0.172122E-004  -0.108034E-003   0.627195E-003
 -4.255968   0.382240E-002  -0.455728E-004  -0.240885E-003   0.141081E-002
 -4.037479   0.828567E-002  -0.108106E-003  -0.478767E-003   0.283205E-002
 -3.837649   0.161543E-001  -0.230638E-003  -0.852788E-003   0.510101E-002
 -3.652257   0.288262E-001  -0.450527E-003  -0.138340E-002   0.837974E-002
 -3.476889   0.478356E-001  -0.819499E-003  -0.207217E-002   0.127343E-001
 -3.307751   0.746940E-001  -0.140587E-002  -0.289174E-002   0.180725E-001
 -3.141594   0.110638E+000  -0.229514E-002  -0.377652E-002   0.240773E-001
 -2.975447   0.156282E+000  -0.358740E-002  -0.461779E-002   0.301556E-001
 -2.806341   0.211202E+000  -0.538866E-002  -0.526886E-002   0.354261E-001
 -2.631029   0.273503E+000  -0.779082E-002  -0.556858E-002   0.387904E-001
 -2.445722   0.339513E+000  -0.108299E-001  -0.539535E-002   0.391498E-001
 -2.246007   0.403939E+000  -0.144021E-001  -0.476752E-002   0.358693E-001
 -2.027667   0.461261E+000  -0.181092E-001  -0.399231E-002   0.295915E-001
 -1.790234   0.509622E+000  -0.210784E-001  -0.375109E-002   0.231060E-001
 -1.543203   0.555610E+000  -0.221461E-001  -0.472354E-002   0.204682E-001
 -1.303456   0.610494E+000  -0.207847E-001  -0.674763E-002   0.230570E-001
 -1.081186   0.678573E+000  -0.175541E-001  -0.886419E-002   0.281314E-001
 -0.876733   0.755118E+000  -0.134136E-001  -0.101884E-001   0.320956E-001
 -0.686551   0.831777E+000  -0.917269E-002  -0.102808E-001   0.327074E-001
 -0.506790   0.900341E+000  -0.539985E-002  -0.907351E-002   0.292064E-001
 -0.334177   0.954116E+000  -0.247255E-002  -0.673652E-002   0.218851E-001
 -0.166018   0.988292E+000  -0.628797E-003  -0.358158E-002   0.117014E-001
  0.000000   0.100000E+001  -0.859432E-017   0.295047E-007  -0.997021E-006
  0.166010   0.988289E+000  -0.628067E-003   0.358149E-002  -0.117029E-001
  0.334146   0.954116E+000  -0.247083E-002   0.673605E-002  -0.218853E-001
  0.506717   0.900357E+000  -0.539668E-002   0.907275E-002  -0.292056E-001
  0.686416   0.831821E+000  -0.916758E-002   0.102803E-001  -0.327074E-001
  0.876512   0.755198E+000  -0.134064E-001   0.101892E-001  -0.320992E-001
  1.080851   0.678686E+000  -0.175456E-001   0.886714E-002  -0.281400E-001
  1.302978   0.610619E+000  -0.207774E-001   0.675241E-002  -0.230666E-001
  1.542598   0.555728E+000  -0.221437E-001   0.472758E-002  -0.204683E-001
  1.789640   0.509730E+000  -0.210817E-001   0.375180E-002  -0.230925E-001
  2.027217   0.461366E+000  -0.181142E-001   0.399090E-002  -0.295762E-001
  2.245706   0.404028E+000  -0.144051E-001   0.476628E-002  -0.358612E-001
  2.445536   0.339574E+000  -0.108305E-001   0.539494E-002  -0.391484E-001
  2.630928   0.273532E+000  -0.778961E-002   0.556868E-002  -0.387918E-001
  2.806297   0.211209E+000  -0.538669E-002   0.526905E-002  -0.354275E-001
  2.975434   0.156277E+000  -0.358539E-002   0.461789E-002  -0.301562E-001
  3.141592   0.110631E+000  -0.229348E-002   0.377656E-002  -0.240775E-001
  3.307738   0.746912E-001  -0.140469E-002   0.289183E-002  -0.180730E-001
  3.476844   0.478384E-001  -0.818774E-003   0.207240E-002  -0.127357E-001
  3.652156   0.288336E-001  -0.450147E-003   0.138379E-002  -0.838214E-002
  3.837464   0.161637E-001  -0.230479E-003   0.853279E-003  -0.510400E-002
  4.037178   0.829449E-002  -0.108062E-003   0.479257E-003  -0.283499E-002
  4.255518   0.382887E-002  -0.455721E-004   0.241275E-003  -0.141312E-002
  4.492952   0.158169E-002  -0.172167E-004   0.108270E-003  -0.628582E-003
  4.739982   0.605019E-003  -0.605362E-005   0.446816E-004  -0.257481E-003
  4.979730   0.229607E-003  -0.213253E-005   0.181096E-004  -0.103735E-003
  5.201999   0.907114E-004  -0.790639E-006   0.756195E-005  -0.431125E-004
  5.406452   0.376266E-004  -0.310580E-006   0.328767E-005  -0.186733E-004
  5.596634   0.162233E-004  -0.127684E-006   0.147673E-005  -0.836152E-005
  5.776396   0.717172E-005  -0.540870E-007   0.677110E-006  -0.382379E-005
  5.949008   0.320824E-005  -0.232685E-007   0.313198E-006  -0.176461E-005
  6.117167   0.143503E-005  -0.100350E-007   0.144532E-006  -0.812636E-006
  6.283185   0.634454E-006  -0.428553E-008   0.658241E-007  -0.369402E-006
  6.449196   0.273953E-006  -0.178958E-008   0.292495E-007  -0.163859E-006
  6.617331   0.113985E-006  -0.720577E-009   0.125180E-007  -0.700114E-007
  6.789902   0.449651E-007  -0.275123E-009   0.507924E-008  -0.283623E-007
  6.969602   0.164718E-007  -0.975086E-010   0.191471E-008  -0.106751E-007
  7.159697   0.545087E-008  -0.311883E-010   0.652685E-009  -0.363332E-008
  7.364036   0.157123E-008  -0.867538E-011   0.194115E-009  -0.107891E-008
  7.586163   0.378160E-009  -0.201054E-011   0.483080E-010  -0.268077E-009
  7.825784   0.740508E-010  -0.378336E-012   0.980245E-011  -0.543102E-010
  8.072825   0.122958E-010  -0.603489E-013   0.168791E-011  -0.933740E-011
  8.310402   0.193714E-011  -0.915467E-014   0.275318E-012  -0.152092E-011
  8.528891   0.316267E-012  -0.144449E-014   0.464006E-013  -0.256019E-012
  8.728722   0.546813E-013  -0.242225E-015   0.825751E-014  -0.455140E-013
  8.914113   0.988561E-014  -0.425926E-016   0.153303E-014  -0.844203E-014
  9.089482   0.182976E-014  -0.768447E-017   0.290887E-015  -0.160053E-014
  9.258620   0.339490E-015  -0.139200E-017   0.552584E-016  -0.303818E-015
  9.424777   0.618781E-016  -0.248005E-018   0.103032E-016  -0.566088E-016
  9.590924   0.108566E-016  -0.425699E-019   0.184823E-017  -0.101481E-016
  9.760029   0.179329E-017  -0.688306E-020   0.312049E-018  -0.171231E-017
  9.935342   0.271654E-018  -0.102093E-020   0.483192E-019  -0.264983E-018
 10.120649   0.365424E-019  -0.134469E-021   0.664625E-020  -0.364268E-019
 10.320363   0.420069E-020  -0.151314E-022   0.781733E-021  -0.428205E-020
 10.538704   0.398376E-021  -0.140411E-023   0.759216E-022  -0.415631E-021
 10.776137   0.313365E-022  -0.108052E-024   0.611978E-023  -0.334835E-022
 11.023167   0.227670E-023  -0.768638E-026   0.455412E-024  -0.249039E-023
 11.262915   0.182187E-024  -0.603491E-027   0.372547E-025  -0.203629E-024
 11.485184   0.177241E-025  -0.577489E-028   0.369563E-026  -0.201917E-025
 11.689638   0.208668E-026  -0.670177E-029   0.442647E-027  -0.241764E-026
 11.879819   0.284769E-027  -0.902999E-030   0.613518E-028  -0.334990E-027
 12.059581   0.430795E-028  -0.135033E-030   0.941453E-029  -0.513910E-028
 12.232193   0.695557E-029  -0.215697E-031   0.154054E-029  -0.840725E-029
 12.400353   0.116109E-029  -0.356434E-032   0.260472E-030  -0.142116E-029
 12.566371   0.194823E-030  -0.592285E-033   0.442521E-031  -0.241390E-030
 12.732381   0.319793E-031  -0.963034E-034   0.735344E-032  -0.401038E-031
 12.900516   0.499103E-032  -0.148896E-034   0.116186E-032  -0.633518E-032
 13.073087   0.716958E-033  -0.211878E-035   0.169004E-033  -0.921327E-033
 13.252787   0.910854E-034  -0.266589E-036   0.217514E-034  -0.118553E-033
 13.442883   0.972247E-035  -0.281709E-037   0.235377E-035  -0.128261E-034
 13.647221   0.816548E-036  -0.234086E-038   0.200616E-036  -0.109295E-035
 13.869348   0.501644E-037  -0.142172E-039   0.125245E-037  -0.682168E-037
 14.108969   0.217354E-038  -0.608518E-041   0.552231E-039  -0.300707E-038
 14.356011   0.728426E-040  -0.201398E-042   0.188477E-040  -0.102606E-039
 14.593587   0.234535E-041  -0.640733E-044   0.617737E-042  -0.336212E-041
 14.812077   0.850391E-043  -0.229790E-045   0.227727E-043  -0.123917E-042
 15.011907   0.358144E-044  -0.958188E-047   0.973890E-045  -0.529836E-044
 15.197299   0.169941E-045  -0.450529E-048   0.468774E-046  -0.254988E-045
 15.372667   0.870399E-047  -0.228794E-049   0.243375E-047  -0.132361E-046
 15.541805   0.462045E-048  -0.120477E-050   0.130889E-048  -0.711744E-048
 15.707962   0.244967E-049  -0.633820E-052   0.702828E-050  -0.382125E-049
 15.874109   0.125163E-050  -0.321413E-053   0.363636E-051  -0.197680E-050
 16.043215   0.593579E-052  -0.151301E-054   0.174627E-052  -0.949179E-052
 16.218527   0.250318E-053  -0.633352E-056   0.745826E-054  -0.405337E-053
 16.403834   0.891698E-055  -0.223936E-057   0.269165E-055  -0.146264E-054
 16.603549   0.252780E-056  -0.629981E-059   0.773440E-057  -0.420230E-056
 16.821889   0.541156E-058  -0.133807E-060   0.167948E-058  -0.912378E-058
 17.059322   0.887984E-060  -0.217804E-062   0.279682E-060  -0.151916E-059
 17.306353   0.133323E-061  -0.324461E-064   0.426107E-062  -0.231418E-061
 17.546100   0.242064E-063  -0.584901E-066   0.784217E-064  -0.425855E-063
 17.768370   0.616731E-065  -0.148089E-067   0.202237E-065  -0.109810E-064
 17.972823   0.217102E-066  -0.518439E-069   0.719637E-067  -0.390708E-066
 18.163005   0.981000E-068  -0.233110E-070   0.328372E-068  -0.178266E-067
 18.342766   0.528582E-069  -0.125039E-071   0.178541E-069  -0.969191E-069
 18.515379   0.319423E-070  -0.752441E-073   0.108818E-070  -0.590664E-070
 18.683538   0.205802E-071  -0.482857E-074   0.706884E-072  -0.383671E-071
 18.849556   0.135281E-072  -0.316175E-075   0.468399E-073  -0.254214E-072
 19.015566   0.870220E-074  -0.202614E-076   0.303710E-074  -0.164822E-073
 19.183702   0.524764E-075  -0.121720E-077   0.184616E-075  -0.100184E-074
 19.356273   0.282662E-076  -0.653131E-079   0.100261E-076  -0.544043E-076
 19.535972   0.128264E-077  -0.295204E-080   0.458849E-078  -0.248969E-077
 19.726068   0.455117E-079  -0.104314E-081   0.164292E-079  -0.891379E-079
 19.930407   0.114916E-080  -0.262228E-083   0.418907E-081  -0.227266E-080
 20.152534   0.186257E-082  -0.422992E-085   0.686294E-083  -0.372300E-082
 20.392154   0.184844E-084  -0.417623E-087   0.689130E-085  -0.373808E-084
 20.639196   0.129431E-086  -0.290871E-089   0.488525E-087  -0.264971E-086
 20.876773   0.879721E-089  -0.196683E-091   0.336082E-089  -0.182273E-088
 21.095262   0.729264E-091  -0.162271E-093   0.281780E-091  -0.152812E-090
 21.295092   0.767756E-093  -0.170092E-095   0.299797E-093  -0.162571E-092
 21.480484   0.978794E-095  -0.215972E-097   0.386004E-095  -0.209306E-094
 21.655852   0.141733E-096  -0.311550E-099   0.564237E-097  -0.305933E-096
 21.824990   0.219621E-098  -0.481015E-101   0.882299E-099  -0.478363E-098
 21.991148   0.345191E-100  -0.753392E-103   0.139916E-100  -0.758552E-100
 22.157294   0.523060E-102  -0.113769E-104   0.213890E-102  -0.115954E-101
 22.326400   0.724919E-104  -0.157138E-106   0.299069E-104  -0.162124E-103
 22.501712   0.866008E-106  -0.187081E-108   0.360505E-106  -0.195418E-105
 22.687020   0.831271E-108  -0.178953E-110   0.349266E-108  -0.189316E-107
 22.886734   0.591424E-110  -0.126863E-112   0.250909E-110  -0.135996E-109
 23.105074   0.290968E-112  -0.621813E-115   0.124707E-112  -0.675890E-112
 23.342507   0.101405E-114  -0.215878E-117   0.439261E-115  -0.238059E-114
 23.589538   0.320115E-117  -0.678912E-120   0.140141E-117  -0.759458E-117
 23.829286   0.133933E-119  -0.283068E-122   0.592151E-120  -0.320885E-119
 24.051555   0.905788E-122  -0.190852E-124   0.404022E-122  -0.218930E-121
 24.256008   0.964625E-124  -0.202698E-126   0.433677E-124  -0.234990E-123
 24.446190   0.145828E-125  -0.305684E-128   0.660339E-126  -0.357795E-125
 24.625952   0.282514E-127  -0.590874E-130   0.128782E-127  -0.697768E-127
 24.798564   0.644571E-129  -0.134528E-131   0.295681E-129  -0.160201E-128
 24.966723   0.161614E-130  -0.336624E-133   0.745876E-131  -0.404107E-130
 25.132741   0.419481E-132  -0.872025E-135   0.194750E-132  -0.105511E-131
 25.298752   0.106564E-133  -0.221100E-136   0.497666E-134  -0.269615E-133
 25.466887   0.250188E-135  -0.518093E-138   0.117539E-135  -0.636764E-135
 25.639458   0.509213E-137  -0.105242E-139   0.240696E-137  -0.130393E-136
 25.819158   0.831807E-139  -0.171564E-141   0.395694E-139  -0.214354E-138
 26.009253   0.989182E-141  -0.203586E-143   0.473758E-141  -0.256635E-140
 26.213592   0.757422E-143  -0.155528E-145   0.365432E-143  -0.197949E-142
 26.435719   0.326905E-145  -0.669582E-148   0.159001E-145  -0.861257E-145
 26.675340   0.750487E-148  -0.153300E-150   0.368275E-148  -0.199475E-147
 26.922381   0.110918E-150  -0.225927E-153   0.549395E-151  -0.297567E-150
 27.159958   0.160695E-153  -0.326417E-156   0.803302E-154  -0.435075E-153
 27.378447   0.307276E-156  -0.622562E-159   0.154938E-156  -0.839131E-156
 27.578278   0.815205E-159  -0.164775E-161   0.414377E-159  -0.224416E-158
 27.763669   0.281307E-161  -0.567346E-164   0.144079E-161  -0.780273E-161
 27.939038   0.115963E-163  -0.233389E-166   0.598247E-164  -0.323977E-163
 28.108176   0.527960E-166  -0.106046E-168   0.274287E-166  -0.148535E-165
 28.274333   0.247556E-168  -0.496275E-171   0.129497E-168  -0.701249E-168
