 nmodes=            1  nfields=            2  max_plot=          289
 ky=   3.7207662090846041E-002   width=    1.000000000000000     
 theta     ((Re(field_i), Im(field_i),i=(1,nfields)),j=1,nmodes)
Tearing metric:  [   0.158435E-003   0.199795E+001   0.199784E+001   0.199820E+001 ]
DEP: [   0.222944E-004   0.000000E+000   0.000000E+000   0.000000E+000]
chi_th: [  -0.110781E+001   0.000000E+000   0.000000E+000   0.000000E+000]
chi_i: [  -0.358638E+001   0.000000E+000   0.000000E+000   0.000000E+000]
chi_i_cond: [  -0.200810E+001   0.000000E+000   0.000000E+000   0.000000E+000]
chi_e: [  -0.273737E-001   0.000000E+000   0.000000E+000   0.000000E+000]
chi_e_cond: [  -0.539086E+000   0.000000E+000   0.000000E+000   0.000000E+000]
i_QL_cond_flux: [  -0.126854E-005   0.000000E+000   0.000000E+000   0.000000E+000]
e_QL_cond_flux: [  -0.539086E-006   0.000000E+000   0.000000E+000   0.000000E+000]
QL_ratio: [   0.199945E+003             NaN             NaN             NaN]
EP QL convective fraction: [   0.198509E+000             NaN             NaN             NaN]
<theta^2>: [   0.202067E+001   0.147060E+002   0.488257E+001   0.792444E+001]
 Mode kept T/F for each mode:    T  F  F  F
 Theta      Re(phi)        Im(phi)        Re(B_per)        Im(B_per)
-28.274335   0.211647E-168  -0.853636E-171  -0.641356E-171   0.266353E-168
-28.106504   0.444256E-166  -0.179191E-168  -0.133698E-168   0.555278E-166
-27.935456   0.973817E-164  -0.392812E-166  -0.291009E-166   0.120870E-163
-27.757597   0.243420E-161  -0.981948E-164  -0.722111E-164   0.299948E-161
-27.568614   0.769912E-159  -0.310600E-161  -0.226631E-161   0.941441E-159
-27.363354   0.346949E-156  -0.139977E-158  -0.101277E-158   0.420745E-156
-27.137150   0.242910E-153  -0.980098E-156  -0.702628E-156   0.291925E-153
-26.891730   0.235059E-150  -0.948499E-153  -0.673311E-153   0.279771E-150
-26.642847   0.191288E-147  -0.771941E-150  -0.542637E-150   0.225496E-147
-26.409329   0.788385E-145  -0.318178E-147  -0.221667E-147   0.921235E-145
-26.196454   0.151593E-142  -0.611847E-145  -0.422878E-145   0.175759E-142
-26.000537   0.159632E-140  -0.644338E-143  -0.442155E-143   0.183785E-140
-25.816529   0.110242E-138  -0.445005E-141  -0.303360E-141   0.126103E-138
-25.640322   0.574751E-137  -0.232020E-139  -0.157183E-139   0.653432E-137
-25.468926   0.250221E-135  -0.101017E-137  -0.680227E-138   0.282799E-135
-25.300234   0.976066E-134  -0.394072E-136  -0.263790E-136   0.109676E-133
-25.132741   0.358582E-132  -0.144781E-134  -0.963451E-135   0.400598E-132
-24.965254   0.129008E-130  -0.520912E-133  -0.344590E-133   0.143288E-130
-24.796576   0.472176E-129  -0.190669E-131  -0.125370E-131   0.521353E-129
-24.625209   0.184216E-127  -0.743929E-130  -0.486120E-130   0.202168E-127
-24.449050   0.816710E-126  -0.329838E-128  -0.214131E-128   0.890594E-126
-24.265116   0.449779E-124  -0.181662E-126  -0.117113E-126   0.487126E-124
-24.069305   0.347150E-122  -0.140223E-124  -0.897055E-125   0.373160E-122
-23.856578   0.435582E-120  -0.175960E-122  -0.111593E-122   0.464255E-120
-23.623239   0.100060E-117  -0.404251E-120  -0.253830E-120   0.105613E-117
-23.374435   0.379001E-115  -0.153140E-117  -0.950933E-118   0.395716E-115
-23.128877   0.148504E-112  -0.600129E-115  -0.368414E-115   0.153332E-112
-22.902491   0.392696E-110  -0.158716E-112  -0.963748E-113   0.401164E-110
-22.697089   0.647003E-108  -0.261532E-110  -0.157191E-110   0.654405E-108
-22.508005   0.728513E-106  -0.294516E-108  -0.175316E-108   0.729954E-106
-22.330079   0.626890E-104  -0.253463E-106  -0.149485E-106   0.622484E-104
-22.158993   0.452400E-102  -0.182936E-104  -0.106915E-104   0.445270E-102
-21.991150   0.295029E-100  -0.119314E-102  -0.691058E-103   0.287842E-100
-21.823319   0.185410E-098  -0.749922E-101  -0.430409E-101   0.179299E-098
-21.652270   0.119472E-096  -0.483285E-099  -0.274798E-099   0.114491E-096
-21.474411   0.844351E-095  -0.341603E-097  -0.192356E-097   0.801541E-095
-21.285428   0.708348E-093  -0.286622E-095  -0.159738E-095   0.665728E-093
-21.080169   0.771410E-091  -0.312191E-093  -0.172054E-093   0.717181E-091
-20.853965   0.116241E-088  -0.470515E-091  -0.256156E-091   0.106796E-088
-20.608545   0.220973E-086  -0.894629E-089  -0.480697E-089   0.200453E-086
-20.359661   0.362343E-084  -0.146728E-086  -0.778126E-087   0.324552E-084
-20.126144   0.349291E-082  -0.141471E-084  -0.741264E-085   0.309241E-082
-19.913269   0.186793E-080  -0.756689E-083  -0.392250E-083   0.163669E-080
-19.717352   0.627969E-079  -0.254428E-081  -0.130619E-081   0.545113E-079
-19.533344   0.152444E-077  -0.617739E-080  -0.314312E-080   0.131193E-077
-19.357137   0.297581E-076  -0.120605E-078  -0.608465E-079   0.254011E-076
-19.185741   0.504381E-075  -0.204448E-077  -0.102302E-077   0.427137E-075
-19.017048   0.783002E-074  -0.317431E-076  -0.157556E-076   0.657938E-074
-18.849556   0.115595E-072  -0.468696E-075  -0.230765E-075   0.963796E-073
-18.682068   0.167108E-071  -0.677667E-074  -0.330945E-074   0.138242E-071
-18.513391   0.243351E-070  -0.987007E-073  -0.478027E-073   0.199714E-070
-18.342023   0.369491E-069  -0.149886E-071  -0.719727E-072   0.300744E-069
-18.165864   0.613031E-068  -0.248724E-070  -0.118361E-070   0.494670E-068
-17.981930   0.118600E-066  -0.481285E-069  -0.226820E-069   0.948150E-067
-17.786120   0.292007E-065  -0.118524E-067  -0.552635E-068   0.231064E-065
-17.573392   0.101795E-063  -0.413286E-066  -0.190375E-066   0.796190E-064
-17.340054   0.546048E-062  -0.221760E-064  -0.100734E-064   0.421418E-062
-17.091250   0.415454E-060  -0.168781E-062  -0.754766E-063   0.315867E-060
-16.845692   0.318135E-058  -0.129292E-060  -0.568885E-061   0.238166E-058
-16.619305   0.179960E-056  -0.731629E-059  -0.316948E-059   0.132740E-056
-16.413904   0.712154E-055  -0.289627E-057  -0.123648E-057   0.518033E-055
-16.224820   0.211413E-053  -0.860089E-056  -0.362132E-056   0.151771E-053
-16.046894   0.511309E-052  -0.208085E-054  -0.864464E-055   0.362424E-052
-15.875807   0.107823E-050  -0.438949E-053  -0.179970E-053   0.754781E-051
-15.707964   0.209248E-049  -0.852143E-052  -0.344816E-052   0.144664E-049
-15.540134   0.391250E-048  -0.159390E-050  -0.636416E-051   0.267099E-048
-15.369085   0.736253E-047  -0.300052E-049  -0.118171E-049   0.496145E-047
-15.191226   0.146097E-045  -0.595644E-048  -0.231233E-048   0.971244E-046
-15.002243   0.322651E-044  -0.131604E-046  -0.503105E-047   0.211414E-044
-14.796983   0.842106E-043  -0.343650E-045  -0.129194E-045   0.543174E-043
-14.570780   0.270569E-041  -0.110477E-043  -0.407748E-044   0.171529E-041
-14.325360   0.100010E-039  -0.408609E-042  -0.147833E-042   0.622294E-040
-14.076476   0.326980E-038  -0.133680E-040  -0.474048E-041   0.199680E-038
-13.842959   0.729954E-037  -0.298612E-039  -0.103944E-039   0.438118E-037
-13.630084   0.107590E-035  -0.440383E-038  -0.150760E-038   0.635816E-036
-13.434166   0.114516E-034  -0.468982E-037  -0.158140E-037   0.667305E-035
-13.250159   0.969565E-034  -0.397271E-036  -0.132087E-036   0.557662E-034
-13.073952   0.703307E-033  -0.288316E-035  -0.945831E-036   0.399526E-033
-12.902556   0.460648E-032  -0.188932E-034  -0.611747E-035   0.258537E-032
-12.733863   0.282474E-031  -0.115912E-033  -0.370485E-034   0.156655E-031
-12.566371   0.166316E-030  -0.682818E-033  -0.215428E-033   0.911387E-031
-12.398883   0.958634E-030  -0.393777E-032  -0.122609E-032   0.518989E-030
-12.230205   0.550986E-029  -0.226452E-031  -0.695621E-032   0.294617E-029
-12.058838   0.322837E-028  -0.132761E-030  -0.402127E-031   0.170416E-028
-11.882679   0.198643E-027  -0.817399E-030  -0.243930E-030   0.103442E-027
-11.698745   0.133672E-026  -0.550430E-029  -0.161637E-029   0.685943E-027
-11.502935   0.103823E-025  -0.427857E-028  -0.123412E-028   0.524159E-026
-11.290207   0.992617E-025  -0.409441E-027  -0.115703E-027   0.491895E-025
-11.056868   0.122447E-023  -0.505642E-026  -0.139517E-026   0.593838E-024
-10.808064   0.183852E-022  -0.760210E-025  -0.204153E-025   0.870154E-023
-10.562506   0.269988E-021  -0.111797E-023  -0.291821E-024   0.124570E-021
-10.336120   0.320640E-020  -0.132963E-022  -0.337596E-023   0.144331E-020
-10.130719   0.299283E-019  -0.124284E-021  -0.307344E-022   0.131597E-019
 -9.941635   0.230127E-018  -0.957008E-021  -0.230732E-021   0.989437E-019
 -9.763709   0.153701E-017  -0.640096E-020  -0.150540E-020   0.646544E-018
 -9.592622   0.930430E-017  -0.388052E-019  -0.890326E-020   0.382986E-017
 -9.424779   0.527623E-016  -0.220391E-018  -0.493137E-019   0.212481E-016
 -9.256948   0.288000E-015  -0.120495E-017  -0.262748E-018   0.113412E-015
 -9.085900   0.155123E-014  -0.650143E-017  -0.137997E-017   0.596786E-015
 -8.908041   0.845739E-014  -0.355142E-016  -0.732476E-017   0.317438E-014
 -8.719058   0.480106E-013  -0.202040E-015  -0.403906E-016   0.175460E-013
 -8.513798   0.292360E-012  -0.123336E-014  -0.238171E-015   0.103749E-012
 -8.287594   0.194249E-011  -0.821840E-014  -0.152625E-014   0.667002E-012
 -8.042174   0.134879E-010  -0.572558E-013  -0.101821E-013   0.446664E-011
 -7.793291   0.848065E-010  -0.361298E-012  -0.614344E-013   0.270610E-010
 -7.559774   0.423445E-009  -0.181040E-011  -0.294966E-012   0.130465E-009
 -7.346898   0.166536E-008  -0.714427E-011  -0.111904E-011   0.496923E-009
 -7.150981   0.544413E-008  -0.234308E-010  -0.353790E-011   0.157710E-008
 -6.966973   0.156147E-007  -0.674172E-010  -0.982982E-011   0.439858E-008
 -6.790767   0.409037E-007  -0.177166E-009  -0.249649E-010   0.112141E-007
 -6.619370   0.100608E-006  -0.437178E-009  -0.595412E-010   0.268519E-007
 -6.450678   0.236702E-006  -0.103202E-008  -0.135782E-009   0.614898E-007
 -6.283185   0.539387E-006  -0.236002E-008  -0.299668E-009   0.136306E-006
 -6.115698   0.120141E-005  -0.527634E-008  -0.645646E-009   0.295074E-006
 -5.947020   0.263694E-005  -0.116276E-007  -0.136845E-008   0.628646E-006
 -5.775653   0.575558E-005  -0.254908E-007  -0.287749E-008   0.132946E-005
 -5.599494   0.126379E-004  -0.562457E-007  -0.606667E-008   0.282109E-005
 -5.415560   0.283347E-004  -0.126811E-006  -0.129974E-007   0.608960E-005
 -5.219749   0.660647E-004  -0.297621E-006  -0.287546E-007   0.135949E-004
 -5.007022   0.163282E-003  -0.741525E-006  -0.667395E-007   0.319152E-004
 -4.773683   0.430998E-003  -0.197718E-005  -0.163069E-006   0.791411E-004
 -4.524879   0.117161E-002  -0.544211E-005  -0.403598E-006   0.199641E-003
 -4.279321   0.299821E-002  -0.141272E-004  -0.928544E-006   0.469992E-003
 -4.052935   0.677231E-002  -0.323984E-004  -0.187319E-005   0.972995E-003
 -3.847533   0.134987E-001  -0.655936E-004  -0.331895E-005   0.177350E-002
 -3.658449   0.243118E-001  -0.120048E-003  -0.528089E-005   0.291072E-002
 -3.480523   0.404416E-001  -0.203028E-003  -0.769184E-005   0.438672E-002
 -3.309437   0.631080E-001  -0.322294E-003  -0.103842E-004   0.614840E-002
 -3.141594   0.933429E-001  -0.485190E-003  -0.130883E-004   0.806886E-002
 -2.973763   0.131745E+000  -0.697135E-003  -0.154722E-004   0.993512E-002
 -2.802714   0.178187E+000  -0.959325E-003  -0.172565E-004   0.114520E-001
 -2.624855   0.231504E+000  -0.126519E-002  -0.184582E-004   0.122779E-001
 -2.435873   0.289263E+000  -0.159478E-002  -0.198462E-004   0.121215E-001
 -2.230613   0.347863E+000  -0.190584E-002  -0.236904E-004   0.109546E-001
 -2.004409   0.403790E+000  -0.212335E-002  -0.345159E-004   0.940031E-002
 -1.758989   0.457328E+000  -0.215001E-002  -0.576299E-004   0.901705E-002
 -1.510105   0.515676E+000  -0.194615E-002  -0.918479E-004   0.112000E-001
 -1.276588   0.585760E+000  -0.159448E-002  -0.126037E-003   0.151822E-001
 -1.063713   0.666064E+000  -0.120722E-002  -0.149337E-003   0.189250E-001
 -0.867796   0.749866E+000  -0.849171E-003  -0.157039E-003   0.209632E-001
 -0.683788   0.829858E+000  -0.546601E-003  -0.148675E-003   0.206858E-001
 -0.507581   0.899629E+000  -0.308421E-003  -0.125794E-003   0.180415E-001
 -0.336185   0.953821E+000  -0.137366E-003  -0.910120E-004   0.133244E-001
 -0.167492   0.988209E+000  -0.343948E-004  -0.477303E-004   0.707138E-002
  0.000000   0.100000E+001  -0.112550E-015  -0.134408E-008  -0.416023E-006
  0.167488   0.988207E+000  -0.343603E-004   0.477266E-004  -0.707203E-002
  0.336165   0.953820E+000  -0.137290E-003   0.910051E-004  -0.133245E-001
  0.507532   0.899638E+000  -0.308285E-003   0.125783E-003  -0.180411E-001
  0.683692   0.829889E+000  -0.546365E-003   0.148663E-003  -0.206853E-001
  0.867626   0.749932E+000  -0.848775E-003   0.157035E-003  -0.209643E-001
  1.063436   0.666173E+000  -0.120660E-002   0.149356E-003  -0.189293E-001
  1.276164   0.585905E+000  -0.159362E-002   0.126095E-003  -0.151905E-001
  1.509502   0.515835E+000  -0.194530E-002   0.919400E-004  -0.112086E-001
  1.758306   0.457477E+000  -0.214966E-002   0.577121E-004  -0.901902E-002
  2.003864   0.403921E+000  -0.212357E-002   0.345542E-004  -0.939681E-002
  2.230250   0.347968E+000  -0.190621E-002   0.237004E-004  -0.109515E-001
  2.435652   0.289334E+000  -0.159502E-002   0.198472E-004  -0.121205E-001
  2.624736   0.231542E+000  -0.126525E-002   0.184577E-004  -0.122781E-001
  2.802662   0.178201E+000  -0.959263E-003   0.172560E-004  -0.114524E-001
  2.973749   0.131747E+000  -0.697024E-003   0.154717E-004  -0.993526E-002
  3.141592   0.933416E-001  -0.485087E-003   0.130879E-004  -0.806887E-002
  3.309422   0.631092E-001  -0.322229E-003   0.103841E-004  -0.614855E-002
  3.480471   0.404471E-001  -0.203006E-003   0.769249E-005  -0.438725E-002
  3.658330   0.243208E-001  -0.120061E-003   0.528236E-005  -0.291167E-002
  3.847313   0.135091E-001  -0.656260E-004   0.332103E-005  -0.177471E-002
  4.052573   0.678171E-002  -0.324336E-004   0.187540E-005  -0.974207E-003
  4.278776   0.300475E-002  -0.141535E-004   0.930321E-006  -0.470929E-003
  4.524196   0.117487E-002  -0.545533E-005   0.404611E-006  -0.200157E-003
  4.773080   0.432111E-003  -0.198150E-005   0.163456E-006  -0.793334E-004
  5.006597   0.163590E-003  -0.742598E-006   0.668572E-007  -0.319727E-004
  5.219472   0.661456E-004  -0.297845E-006   0.287880E-007  -0.136111E-004
  5.415389   0.283554E-004  -0.126840E-006   0.130066E-007  -0.609402E-005
  5.599397   0.126429E-004  -0.562384E-007   0.606905E-008  -0.282223E-005
  5.775604   0.575660E-005  -0.254815E-007   0.287804E-008  -0.132973E-005
  5.947000   0.263707E-005  -0.116216E-007   0.136855E-008  -0.628698E-006
  6.115693   0.120139E-005  -0.527319E-008   0.645653E-009  -0.295079E-006
  6.283185   0.539368E-006  -0.235853E-008   0.299666E-009  -0.136307E-006
  6.450673   0.236698E-006  -0.103136E-008   0.135784E-009  -0.614911E-007
  6.619350   0.100614E-006  -0.436925E-009   0.595462E-010  -0.268543E-007
  6.790718   0.409123E-007  -0.177088E-009   0.249707E-010  -0.112168E-007
  6.966877   0.156224E-007  -0.674055E-010   0.983486E-011  -0.440087E-008
  7.150811   0.544948E-008  -0.234377E-010   0.354139E-011  -0.157868E-008
  7.346621   0.166832E-008  -0.715189E-011   0.112101E-011  -0.497806E-009
  7.559349   0.424706E-009  -0.181447E-011   0.295833E-012  -0.130850E-009
  7.792688   0.851877E-010  -0.362647E-012   0.617063E-013  -0.271812E-010
  8.041492   0.135610E-010  -0.575213E-013   0.102365E-013  -0.449061E-011
  8.287050   0.195179E-011  -0.825100E-014   0.153347E-014  -0.670172E-012
  8.513436   0.293364E-012  -0.123655E-014   0.238985E-015  -0.104104E-012
  8.718837   0.481144E-013  -0.202299E-015   0.404782E-016  -0.175843E-013
  8.907921   0.846731E-014  -0.355237E-016   0.733355E-017  -0.317821E-014
  9.085847   0.155198E-014  -0.649854E-017   0.138069E-017  -0.597103E-015
  9.256934   0.288022E-015  -0.120389E-017   0.262781E-018  -0.113427E-015
  9.424777   0.527590E-016  -0.220163E-018   0.493132E-019  -0.212481E-016
  9.592608   0.930504E-017  -0.387695E-019   0.890442E-020  -0.383038E-017
  9.763656   0.153782E-017  -0.639782E-020   0.150627E-020  -0.646921E-018
  9.941515   0.230437E-018  -0.957296E-021   0.231051E-021  -0.990811E-019
 10.130498   0.300061E-019  -0.124474E-021   0.308152E-022  -0.131944E-019
 10.335758   0.322038E-020  -0.133397E-022   0.339072E-023  -0.144963E-020
 10.561962   0.271727E-021  -0.112392E-023   0.293699E-024  -0.125373E-021
 10.807382   0.185280E-022  -0.765235E-025   0.205736E-025  -0.876907E-023
 11.056265   0.123284E-023  -0.508501E-026   0.140472E-026  -0.597904E-024
 11.289782   0.997375E-025  -0.410908E-027   0.116260E-027  -0.494267E-025
 11.502658   0.104135E-025  -0.428617E-028   0.123788E-028  -0.525761E-026
 11.698575   0.133905E-026  -0.550701E-029   0.161928E-029  -0.687179E-027
 11.882582   0.198825E-027  -0.817109E-030   0.244169E-030  -0.103544E-027
 12.058789   0.322968E-028  -0.132644E-030   0.402317E-031  -0.170497E-028
 12.230186   0.551046E-029  -0.226181E-031   0.695746E-032  -0.294671E-029
 12.398878   0.958599E-030  -0.393243E-032   0.122613E-032  -0.519010E-030
 12.566371   0.166304E-030  -0.681853E-033   0.215427E-033  -0.911389E-031
 12.733858   0.282464E-031  -0.115751E-033   0.370499E-034  -0.156662E-031
 12.902536   0.460701E-032  -0.188695E-034   0.611863E-035  -0.258587E-032
 13.073903   0.703613E-033  -0.288041E-035   0.946311E-036  -0.399730E-033
 13.250062   0.970547E-034  -0.397114E-036   0.132230E-036  -0.558267E-034
 13.433996   0.114743E-034  -0.469241E-037   0.158463E-037  -0.668673E-035
 13.629807   0.107969E-035  -0.441297E-038   0.151300E-038  -0.638096E-036
 13.842534   0.734194E-037  -0.299906E-039   0.104553E-039  -0.440685E-037
 14.075873   0.329799E-038  -0.134631E-040   0.478150E-041  -0.201409E-038
 14.324677   0.101033E-039  -0.412159E-042   0.149349E-042  -0.628677E-040
 14.570235   0.272967E-041  -0.111283E-043   0.411378E-044  -0.173056E-041
 14.796621   0.847374E-043  -0.345254E-045   0.130010E-045  -0.546603E-043
 15.002023   0.323903E-044  -0.131902E-046   0.505092E-047  -0.212250E-044
 15.191106   0.146401E-045  -0.595910E-048   0.231732E-048  -0.973343E-046
 15.369032   0.736877E-047  -0.299811E-049   0.118281E-049  -0.496610E-047
 15.540119   0.391301E-048  -0.159144E-050   0.636558E-051  -0.267160E-048
 15.707962   0.209225E-049  -0.850608E-052   0.344811E-052  -0.144662E-049
 15.875793   0.107837E-050  -0.438254E-053   0.180011E-053  -0.754955E-051
 16.046842   0.511765E-052  -0.207908E-054   0.865314E-055  -0.362781E-052
 16.224701   0.211887E-053  -0.860502E-056   0.362977E-056  -0.152125E-053
 16.413683   0.715222E-055  -0.290356E-057   0.124191E-057  -0.520309E-055
 16.618943   0.181248E-056  -0.735531E-059   0.319239E-059  -0.133700E-056
 16.845147   0.321468E-058  -0.130406E-060   0.574880E-061  -0.240676E-058
 17.090567   0.420650E-060  -0.170573E-062   0.764250E-063  -0.319837E-060
 17.339450   0.552004E-062  -0.223754E-064   0.101839E-064  -0.426045E-062
 17.572968   0.102566E-063  -0.415618E-066   0.191833E-066  -0.802290E-064
 17.785843   0.293385E-065  -0.118852E-067   0.555295E-068  -0.232176E-065
 17.981760   0.118922E-066  -0.481646E-069   0.227459E-069  -0.950824E-067
 18.165768   0.613902E-068  -0.248584E-070   0.118541E-070  -0.495426E-068
 18.341975   0.369721E-069  -0.149680E-071   0.720254E-072  -0.300965E-069
 18.513371   0.243392E-070  -0.985182E-073   0.478161E-073  -0.199770E-070
 18.682064   0.167099E-071  -0.676252E-074   0.330964E-074  -0.138250E-071
 18.849556   0.115582E-072  -0.467682E-075   0.230764E-075  -0.963797E-073
 19.017044   0.782957E-074  -0.316758E-076   0.157565E-076  -0.657977E-074
 19.185721   0.504469E-075  -0.204058E-077   0.102332E-077  -0.427261E-075
 19.357088   0.297775E-076  -0.120430E-078   0.608933E-079  -0.254207E-076
 19.533247   0.152675E-077  -0.617366E-080   0.314823E-080  -0.131407E-077
 19.717182   0.629822E-079  -0.254635E-081   0.131019E-081  -0.546784E-079
 19.912992   0.187770E-080  -0.759007E-083   0.394342E-083  -0.164543E-080
 20.125720   0.352289E-082  -0.142374E-084   0.747699E-085  -0.311926E-082
 20.359058   0.366934E-084  -0.148260E-086   0.788056E-087  -0.328695E-084
 20.607862   0.224275E-086  -0.905970E-089   0.487920E-089  -0.203465E-086
 20.853420   0.117737E-088  -0.475494E-091   0.259478E-091  -0.108181E-088
 21.079806   0.778375E-091  -0.314289E-093   0.173626E-093  -0.723735E-091
 21.285208   0.712294E-093  -0.287552E-095   0.160646E-095  -0.669515E-093
 21.474292   0.846858E-095  -0.341817E-097   0.192951E-097  -0.804022E-095
 21.652218   0.119616E-096  -0.482727E-099   0.275164E-099  -0.114644E-096
 21.823304   0.185445E-098  -0.748276E-101   0.430545E-101  -0.179357E-098
 21.991148   0.294984E-100  -0.119010E-102   0.691046E-103  -0.287838E-100
 22.158978   0.452485E-102  -0.182527E-104   0.106950E-104  -0.445415E-102
 22.330027   0.627673E-104  -0.253160E-106   0.149692E-106  -0.623345E-104
 22.507886   0.730796E-106  -0.294711E-108   0.175888E-108  -0.732339E-106
 22.696869   0.650883E-108  -0.262446E-110   0.158154E-110  -0.658413E-108
 22.902129   0.396594E-110  -0.159888E-112   0.973430E-113  -0.405196E-110
 23.128332   0.150654E-112  -0.607270E-115   0.373790E-115  -0.155570E-112
 23.373752   0.385526E-115  -0.155376E-117   0.967411E-118  -0.402574E-115
 23.622636   0.101555E-117  -0.409228E-120   0.257655E-120  -0.107204E-117
 23.856153   0.440086E-120  -0.177313E-122   0.112761E-122  -0.469116E-120
 24.069028   0.349378E-122  -0.140750E-124   0.902935E-125  -0.375606E-122
 24.264945   0.451436E-124  -0.181845E-126   0.117561E-126  -0.488991E-124
 24.448953   0.818278E-126  -0.329584E-128   0.214573E-128  -0.892436E-126
 24.625160   0.184371E-127  -0.742542E-130   0.486601E-130  -0.202368E-127
 24.796556   0.472283E-129  -0.190193E-131   0.125418E-131  -0.521551E-129
 24.965249   0.128998E-130  -0.519448E-133   0.344617E-133  -0.143300E-130
 25.132741   0.358527E-132  -0.144360E-134   0.963450E-135  -0.400599E-132
 25.300229   0.975991E-134  -0.392952E-136   0.263811E-136  -0.109684E-133
 25.468906   0.250279E-135  -0.100759E-137   0.680490E-138  -0.282908E-135
 25.640274   0.575251E-137  -0.231572E-139   0.157344E-139  -0.654103E-137
 25.816433   0.110464E-138  -0.444645E-141   0.304017E-141  -0.126376E-138
 26.000367   0.160258E-140  -0.645028E-143   0.443955E-143  -0.184534E-140
 26.196177   0.152643E-142  -0.614325E-145   0.425869E-145  -0.177003E-142
 26.408905   0.797327E-145  -0.320861E-147   0.224214E-147  -0.931819E-145
 26.642244   0.194484E-147  -0.782561E-150   0.551780E-150  -0.229296E-147
 26.891048   0.239678E-150  -0.964300E-153   0.686633E-153  -0.285307E-150
 27.136606   0.247008E-153  -0.993682E-156   0.714583E-156  -0.296892E-153
 27.362992   0.351041E-156  -0.141205E-158   0.102487E-158  -0.425771E-156
 27.568393   0.775497E-159  -0.311910E-161   0.228311E-161  -0.948422E-159
 27.757477   0.244359E-161  -0.982743E-164   0.725014E-164  -0.301154E-161
 27.935403   0.975337E-164  -0.392222E-166   0.291513E-166  -0.121080E-163
 28.106490   0.444362E-166  -0.178682E-168   0.133753E-168  -0.555507E-166
 28.274333   0.211606E-168  -0.850824E-171   0.641343E-171  -0.266348E-168
