 nmodes=            2  nfields=            2  max_plot=          289
 ky=   3.0345618728468776E-002   width=    1.000000000000000     
 theta     ((Re(field_i), Im(field_i),i=(1,nfields)),j=1,nmodes)
Tearing metric:  [   0.199738E+001   0.373807E-003   0.151984E-002   0.451552E-003 ]
DEP: [   0.549477E-003   0.188946E-004   0.000000E+000   0.000000E+000]
chi_th: [  -0.508373E+001  -0.103496E+001   0.000000E+000   0.000000E+000]
chi_i: [   0.590158E+001  -0.511557E+001   0.000000E+000   0.000000E+000]
chi_i_cond: [  -0.110766E+001  -0.233900E+001   0.000000E+000   0.000000E+000]
chi_e: [   0.894162E+002   0.317916E+000   0.000000E+000   0.000000E+000]
chi_e_cond: [  -0.796138E+001  -0.911792E-001   0.000000E+000   0.000000E+000]
i_QL_cond_flux: [  -0.801663E-006  -0.169283E-005   0.000000E+000   0.000000E+000]
e_QL_cond_flux: [  -0.796138E-005  -0.911792E-007   0.000000E+000   0.000000E+000]
QL_ratio: [   0.590175E+004   0.192611E+003             NaN             NaN]
EP QL convective fraction: [   0.730489E+000   0.364485E+000             NaN             NaN]
<theta^2>: [   0.497596E+001   0.140877E+001   0.490149E+001   0.289899E+001]
 Mode kept T/F for each mode:    F  T  F  F
 Theta      Re(phi)        Im(phi)        Re(B_per)        Im(B_per)
-28.274334   0.135915E-168  -0.123008E-170  -0.795781E-171   0.110035E-168
-28.107860   0.264748E-166  -0.239634E-168  -0.153951E-168   0.212897E-166
-27.938071   0.553218E-164  -0.500800E-166  -0.319441E-166   0.441802E-164
-27.761176   0.139338E-161  -0.126152E-163  -0.798641E-164   0.110470E-161
-27.572405   0.486334E-159  -0.440372E-161  -0.276544E-161   0.382574E-159
-27.365548   0.277984E-156  -0.251752E-158  -0.156690E-158   0.216800E-156
-27.133962   0.299760E-153  -0.271521E-155  -0.167312E-155   0.231538E-153
-26.878523   0.523011E-150  -0.473836E-152  -0.288808E-152   0.399749E-150
-26.621042   0.669987E-147  -0.607115E-149  -0.366104E-149   0.506837E-147
-26.386005   0.306631E-144  -0.277905E-146  -0.166024E-146   0.229885E-144
-26.176328   0.510421E-142  -0.462675E-144  -0.274222E-144   0.379758E-142
-25.985191   0.413966E-140  -0.375294E-142  -0.220897E-142   0.305950E-140
-25.805947   0.211317E-138  -0.191600E-140  -0.112069E-140   0.155239E-138
-25.633766   0.813371E-137  -0.737566E-139  -0.428873E-139   0.594146E-137
-25.465385   0.266291E-135  -0.241501E-137  -0.139627E-137   0.193456E-135
-25.298754   0.799753E-134  -0.725384E-136  -0.417036E-136   0.577878E-134
-25.132741   0.230038E-132  -0.208671E-134  -0.119297E-134   0.165325E-132
-24.966731   0.649774E-131  -0.589489E-133  -0.335109E-133   0.464460E-131
-24.800112   0.184691E-129  -0.167577E-131  -0.947186E-132   0.131295E-129
-24.631759   0.550227E-128  -0.499301E-130  -0.280564E-130   0.388955E-128
-24.459634   0.184236E-126  -0.167206E-128  -0.933792E-129   0.129471E-126
-24.280484   0.773001E-125  -0.701651E-127  -0.389258E-127   0.539786E-125
-24.089496   0.476287E-123  -0.432395E-125  -0.238109E-125   0.330240E-123
-23.880041   0.535666E-121  -0.486397E-123  -0.265541E-123   0.368356E-121
-23.645304   0.138868E-118  -0.126125E-120  -0.681460E-121   0.945535E-119
-23.388008   0.806625E-116  -0.732813E-118  -0.391165E-118   0.542896E-116
-23.132347   0.538135E-113  -0.489039E-115  -0.257743E-115   0.357826E-113
-22.900469   0.207763E-110  -0.188863E-112  -0.983565E-113   0.136588E-110
-22.693395   0.419098E-108  -0.381076E-110  -0.196309E-110   0.272687E-108
-22.504475   0.511834E-106  -0.465517E-108  -0.237406E-108   0.329856E-106
-22.327484   0.442787E-104  -0.402816E-106  -0.203481E-106   0.282788E-104
-22.157640   0.307365E-102  -0.279687E-104  -0.139985E-104   0.194590E-102
-21.991149   0.189004E-100  -0.172026E-102  -0.853169E-103   0.118625E-100
-21.824675   0.112099E-098  -0.102055E-100  -0.501497E-101   0.697458E-099
-21.654885   0.696165E-097  -0.633952E-099  -0.308577E-099   0.429263E-097
-21.477991   0.494953E-095  -0.450848E-097  -0.217264E-097   0.302321E-095
-21.289220   0.447943E-093  -0.408151E-095  -0.194576E-095   0.270832E-093
-21.082363   0.585314E-091  -0.533505E-093  -0.251314E-093   0.349925E-091
-20.850777   0.122623E-088  -0.111813E-090  -0.519673E-091   0.723868E-089
-20.595338   0.364638E-086  -0.332643E-088  -0.152340E-088   0.212292E-086
-20.337857   0.841265E-084  -0.767794E-086  -0.346563E-086   0.483165E-084
-20.102820   0.874571E-082  -0.798514E-084  -0.355873E-084   0.496343E-082
-19.893143   0.417945E-080  -0.381732E-082  -0.168291E-082   0.234800E-080
-19.702006   0.115068E-078  -0.105131E-080  -0.459105E-081   0.640744E-079
-19.522761   0.222035E-077  -0.202919E-079  -0.878528E-080   0.122646E-077
-19.350581   0.344554E-076  -0.314977E-078  -0.135263E-078   0.188885E-076
-19.182199   0.471142E-075  -0.430816E-077  -0.183557E-077   0.256391E-075
-19.015569   0.601033E-074  -0.549738E-076  -0.232408E-076   0.324713E-074
-18.849556   0.738898E-073  -0.676023E-075  -0.283575E-075   0.396311E-073
-18.683546   0.891976E-072  -0.816305E-074  -0.339737E-074   0.474933E-072
-18.516927   0.107668E-070  -0.985628E-073  -0.406941E-073   0.569045E-071
-18.348573   0.133926E-069  -0.122637E-071  -0.502190E-072   0.702448E-070
-18.176448   0.180721E-068  -0.165541E-070  -0.672053E-071   0.940347E-069
-17.997299   0.286507E-067  -0.262533E-069  -0.105591E-069   0.147797E-067
-17.806311   0.599055E-066  -0.549149E-068  -0.218568E-068   0.306053E-066
-17.596856   0.193358E-064  -0.177335E-066  -0.697222E-067   0.976764E-065
-17.362119   0.113797E-062  -0.104428E-064  -0.404563E-065   0.567101E-063
-17.104823   0.118754E-060  -0.109055E-062  -0.415204E-063   0.582433E-061
-16.849161   0.134213E-058  -0.123347E-060  -0.461089E-061   0.647299E-059
-16.617283   0.999323E-057  -0.919106E-059  -0.337676E-059   0.474404E-057
-16.410210   0.457576E-055  -0.421143E-057  -0.152288E-057   0.214103E-055
-16.221290   0.143944E-053  -0.132572E-055  -0.472361E-056   0.664546E-054
-16.044299   0.349303E-052  -0.321919E-054  -0.113099E-054   0.159220E-052
-15.874455   0.716201E-051  -0.660482E-053  -0.228890E-053   0.322442E-051
-15.707964   0.133273E-049  -0.122986E-051  -0.420442E-052   0.592682E-050
-15.541490   0.239165E-048  -0.220856E-050  -0.744653E-051   0.105044E-048
-15.371700   0.438505E-047  -0.405230E-049  -0.134686E-049   0.190134E-047
-15.194805   0.873812E-046  -0.808138E-048  -0.264554E-048   0.373765E-046
-15.006034   0.203455E-044  -0.188328E-046  -0.606433E-047   0.857540E-045
-14.799177   0.602380E-043  -0.558149E-045  -0.176457E-045   0.249778E-043
-14.567592   0.242685E-041  -0.225128E-043  -0.697052E-044   0.987868E-042
-14.312152   0.121588E-039  -0.112941E-041  -0.341722E-042   0.484954E-040
-14.054672   0.499362E-038  -0.464484E-040  -0.137353E-040   0.195198E-038
-13.819635   0.116690E-036  -0.108675E-038  -0.314905E-039   0.448105E-037
-13.609958   0.158633E-035  -0.147899E-037  -0.421149E-038   0.599971E-036
-13.418820   0.147056E-034  -0.137241E-036  -0.384832E-037   0.548800E-035
-13.239576   0.106454E-033  -0.994407E-036  -0.274937E-036   0.392460E-034
-13.067396   0.661203E-033  -0.618196E-035  -0.168653E-035   0.240969E-033
-12.899014   0.374938E-032  -0.350861E-034  -0.944811E-035   0.135119E-032
-12.732384   0.201718E-031  -0.188934E-033  -0.502214E-034   0.718903E-032
-12.566371   0.105224E-030  -0.986456E-033  -0.258812E-033   0.370840E-031
-12.400360   0.538835E-030  -0.505627E-032  -0.130912E-032   0.187766E-030
-12.233742   0.274097E-029  -0.257458E-031  -0.657611E-032   0.944190E-030
-12.065388   0.141213E-028  -0.132779E-030  -0.334420E-031   0.480688E-029
-11.893263   0.761395E-028  -0.716719E-030  -0.177854E-030   0.255948E-028
-11.714114   0.451815E-027  -0.425832E-029  -0.103974E-029   0.149827E-027
-11.523126   0.317140E-026  -0.299331E-028  -0.717594E-029   0.103565E-026
-11.313671   0.290013E-025  -0.274203E-027  -0.643276E-028   0.930133E-026
-11.078934   0.381345E-024  -0.361343E-026  -0.825597E-027   0.119658E-024
-10.821638   0.701234E-023  -0.666245E-025  -0.147486E-025   0.214389E-023
-10.565976   0.131446E-021  -0.125262E-023  -0.268038E-024   0.390915E-022
-10.334098   0.184886E-020  -0.176716E-022  -0.365982E-023   0.535535E-021
-10.127025   0.188432E-019  -0.180626E-021  -0.362834E-022   0.532647E-020
 -9.938104   0.149845E-018  -0.144043E-020  -0.281109E-021   0.413987E-019
 -9.761113   0.100140E-017  -0.965322E-020  -0.183193E-020   0.270649E-018
 -9.591270   0.595411E-017  -0.575600E-019  -0.106250E-019   0.157488E-017
 -9.424778   0.329040E-016  -0.319035E-018  -0.572633E-019   0.851686E-017
 -9.258304   0.175192E-015  -0.170398E-017  -0.297116E-018   0.443526E-016
 -9.088515   0.928727E-015  -0.906388E-017  -0.153284E-017   0.229735E-015
 -8.911620   0.507028E-014  -0.496702E-016  -0.812680E-017   0.122349E-014
 -8.722849   0.296071E-013  -0.291292E-015  -0.459412E-016   0.695246E-014
 -8.515992   0.192867E-012  -0.190720E-014  -0.288418E-015   0.439192E-013
 -8.284406   0.144330E-011  -0.143601E-013  -0.206748E-014   0.317238E-012
 -8.028967   0.117046E-010  -0.117306E-012  -0.159631E-013   0.247217E-011
 -7.771486   0.820798E-010  -0.829073E-012  -0.106430E-012   0.166505E-010
 -7.536449   0.414841E-009  -0.422145E-011  -0.513561E-012   0.811423E-010
 -7.326772   0.155004E-008  -0.158808E-010  -0.184156E-011   0.293668E-009
 -7.135635   0.468901E-008  -0.483455E-010  -0.536653E-011   0.863343E-009
 -6.956391   0.123637E-007  -0.128252E-009  -0.136609E-010   0.221675E-008
 -6.784210   0.298650E-007  -0.311674E-009  -0.318860E-010   0.521956E-008
 -6.615829   0.682341E-007  -0.716493E-009  -0.703890E-010   0.116276E-007
 -6.449198   0.150329E-006  -0.158866E-008  -0.149712E-009   0.249711E-007
 -6.283185   0.322757E-006  -0.343393E-008  -0.309900E-009   0.522301E-007
 -6.117175   0.679222E-006  -0.727833E-008  -0.627676E-009   0.106991E-006
 -5.950556   0.140830E-005  -0.152068E-007  -0.124978E-008   0.215698E-006
 -5.782203   0.290027E-005  -0.315785E-007  -0.246427E-008   0.431254E-006
 -5.610078   0.601131E-005  -0.660590E-007  -0.486875E-008   0.865741E-006
 -5.430928   0.127836E-004  -0.141980E-006  -0.980321E-008   0.177665E-005
 -5.239941   0.286249E-004  -0.321999E-006  -0.205627E-007   0.381677E-005
 -5.030485   0.696481E-004  -0.796215E-006  -0.460629E-007   0.882855E-005
 -4.795748   0.188785E-003  -0.220487E-005  -0.111805E-006   0.224366E-004
 -4.538453   0.552219E-003  -0.663461E-005  -0.281653E-006   0.604869E-004
 -4.282791   0.152652E-002  -0.189739E-004  -0.644781E-006   0.152198E-003
 -4.050913   0.359325E-002  -0.463249E-004  -0.121671E-005   0.324754E-003
 -3.843839   0.722471E-002  -0.967329E-004  -0.188642E-005   0.590859E-003
 -3.654919   0.128661E-001  -0.179159E-003  -0.242924E-005   0.948805E-003
 -3.477928   0.209197E-001  -0.303559E-003  -0.251887E-005   0.138190E-002
 -3.308084   0.317021E-001  -0.480614E-003  -0.174903E-005   0.185637E-002
 -3.141593   0.453788E-001  -0.721015E-003   0.305992E-006   0.232005E-002
 -2.975119   0.618847E-001  -0.103404E-002   0.395011E-005   0.270480E-002
 -2.805329   0.808501E-001  -0.142484E-002   0.906626E-005   0.293758E-002
 -2.628435   0.101599E+000  -0.188934E-002   0.145103E-004   0.297096E-002
 -2.439664   0.123429E+000  -0.240407E-002   0.169239E-004   0.285524E-002
 -2.232807   0.146801E+000  -0.290666E-002   0.863582E-005   0.289203E-002
 -2.001221   0.176842E+000  -0.326575E-002  -0.244547E-004   0.387167E-002
 -1.745782   0.228579E+000  -0.328748E-002  -0.964615E-004   0.693984E-002
 -1.488301   0.317754E+000  -0.290347E-002  -0.194000E-003   0.119427E-001
 -1.253264   0.436203E+000  -0.231161E-002  -0.276970E-003   0.167027E-001
 -1.043587   0.562908E+000  -0.171405E-002  -0.323055E-003   0.195940E-001
 -0.852450   0.683299E+000  -0.119211E-002  -0.331072E-003   0.202722E-001
 -0.673206   0.789774E+000  -0.764562E-003  -0.306433E-003   0.189263E-001
 -0.501025   0.877936E+000  -0.432021E-003  -0.255092E-003   0.158634E-001
 -0.332644   0.944345E+000  -0.193134E-003  -0.182707E-003   0.114176E-001
 -0.166013   0.985850E+000  -0.485243E-004  -0.953203E-004   0.597413E-002
  0.000000   0.100000E+001  -0.126899E-015   0.720462E-008  -0.739128E-006
  0.166010   0.985844E+000  -0.485004E-004   0.953330E-004  -0.597549E-002
  0.332629   0.944335E+000  -0.193077E-003   0.182713E-003  -0.114186E-001
  0.500983   0.877934E+000  -0.431896E-003   0.255087E-003  -0.158635E-001
  0.673108   0.789803E+000  -0.764287E-003   0.306417E-003  -0.189258E-001
  0.852257   0.683393E+000  -0.119153E-002   0.331063E-003  -0.202721E-001
  1.043245   0.563105E+000  -0.171295E-002   0.323099E-003  -0.195971E-001
  1.252700   0.436519E+000  -0.230985E-002   0.277142E-003  -0.167130E-001
  1.487437   0.318129E+000  -0.290144E-002   0.194344E-003  -0.119614E-001
  1.744733   0.228854E+000  -0.328657E-002   0.968302E-004  -0.695698E-002
  2.000395   0.176971E+000  -0.326646E-002   0.246358E-004  -0.387791E-002
  2.232273   0.146864E+000  -0.290779E-002  -0.859073E-005  -0.289261E-002
  2.439346   0.123466E+000  -0.240489E-002  -0.169228E-004  -0.285489E-002
  2.628266   0.101618E+000  -0.188974E-002  -0.145148E-004  -0.297086E-002
  2.805257   0.808572E-001  -0.142494E-002  -0.906781E-005  -0.293766E-002
  2.975101   0.618852E-001  -0.103400E-002  -0.394948E-005  -0.270488E-002
  3.141592   0.453775E-001  -0.720955E-003  -0.304958E-006  -0.232010E-002
  3.308066   0.317024E-001  -0.480593E-003   0.174971E-005  -0.185647E-002
  3.477856   0.209232E-001  -0.303595E-003   0.251935E-005  -0.138214E-002
  3.654750   0.128724E-001  -0.179241E-003   0.243002E-005  -0.949227E-003
  3.843522   0.723252E-002  -0.968366E-004   0.188781E-005  -0.591428E-003
  4.050379   0.360059E-002  -0.464203E-004   0.121859E-005  -0.325352E-003
  4.281964   0.153170E-002  -0.190389E-004   0.646569E-006  -0.152671E-003
  4.537404   0.554657E-003  -0.666412E-005   0.282731E-006  -0.607358E-004
  4.794884   0.189504E-003  -0.221323E-005   0.112191E-006  -0.225177E-004
  5.029921   0.698223E-004  -0.798157E-006   0.461718E-007  -0.884998E-005
  5.239598   0.286663E-004  -0.322436E-006   0.205922E-007  -0.382230E-005
  5.430736   0.127932E-004  -0.142071E-006   0.981110E-008  -0.177806E-005
  5.609980   0.601327E-005  -0.660726E-007   0.487078E-008  -0.866083E-006
  5.782160   0.290054E-005  -0.315774E-007   0.246476E-008  -0.431330E-006
  5.950542   0.140827E-005  -0.152045E-007   0.124990E-008  -0.215712E-006
  6.117172   0.679177E-006  -0.727686E-008   0.627711E-009  -0.106994E-006
  6.283185   0.322732E-006  -0.343318E-008   0.309914E-009  -0.522311E-007
  6.449196   0.150318E-006  -0.158832E-008   0.149720E-009  -0.249718E-007
  6.615814   0.682324E-007  -0.716370E-009   0.703958E-010  -0.116284E-007
  6.784168   0.298682E-007  -0.311660E-009   0.318931E-010  -0.522062E-008
  6.956293   0.123686E-007  -0.128284E-009   0.136678E-010  -0.221784E-008
  7.135442   0.469364E-008  -0.483859E-010   0.537231E-011  -0.864263E-009
  7.326430   0.155322E-008  -0.159109E-010   0.184544E-011  -0.294286E-009
  7.535885   0.416441E-009  -0.423709E-011   0.515548E-012  -0.814568E-010
  7.770622   0.826131E-010  -0.834338E-012   0.107116E-012  -0.167583E-010
  8.027918   0.118043E-010  -0.118288E-012   0.160980E-013  -0.249312E-011
  8.283580   0.145409E-011  -0.144651E-013   0.208288E-014  -0.319605E-012
  8.515458   0.193858E-012  -0.191665E-014   0.289911E-015  -0.441465E-013
  8.722531   0.296985E-013  -0.292136E-015   0.460870E-016  -0.697449E-014
  8.911452   0.507837E-014  -0.497392E-016   0.814071E-017  -0.122557E-014
  9.088443   0.929285E-015  -0.906740E-017   0.153397E-017  -0.229902E-015
  9.258286   0.175197E-015  -0.170366E-017   0.297170E-018  -0.443600E-016
  9.424778   0.328987E-016  -0.318913E-018   0.572630E-019  -0.851671E-017
  9.591252   0.595429E-017  -0.575487E-019   0.106270E-019  -0.157515E-017
  9.761041   0.100205E-017  -0.965731E-020   0.183341E-020  -0.270864E-018
  9.937936   0.150119E-018  -0.144272E-020   0.281660E-021  -0.414795E-019
 10.126707   0.189132E-019  -0.181254E-021   0.364226E-022  -0.534687E-020
 10.333564   0.186095E-020  -0.177829E-022   0.368409E-023  -0.539084E-021
 10.565149   0.132778E-021  -0.126500E-023   0.270770E-024  -0.394898E-022
 10.820589   0.709901E-023  -0.674310E-025   0.149316E-025  -0.217049E-023
 11.078070   0.385183E-024  -0.364884E-026   0.833974E-027  -0.120872E-024
 11.313107   0.291848E-025  -0.275863E-027   0.647425E-028  -0.936127E-026
 11.522783   0.318260E-026  -0.300305E-028   0.720239E-029  -0.103946E-026
 11.713921   0.452616E-027  -0.426466E-029   0.104176E-029  -0.150117E-027
 11.893165   0.761964E-028  -0.717048E-030   0.178019E-030  -0.256184E-028
 12.065345   0.141241E-028  -0.132766E-030   0.334550E-031  -0.480869E-029
 12.233727   0.274080E-029  -0.257366E-031   0.657698E-032  -0.944307E-030
 12.400357   0.538750E-030  -0.505396E-032   0.130917E-032  -0.187772E-030
 12.566371   0.105205E-030  -0.985981E-033   0.258817E-033  -0.370844E-031
 12.732381   0.201686E-031  -0.188846E-033   0.502233E-034  -0.718924E-032
 12.899000   0.374915E-032  -0.350730E-034   0.944940E-035  -0.135136E-032
 13.067353   0.661343E-033  -0.618133E-035   0.168722E-035  -0.241067E-033
 13.239478   0.106541E-033  -0.994906E-036   0.275217E-036  -0.392856E-034
 13.418627   0.147349E-034  -0.137471E-036   0.385674E-037  -0.549997E-035
 13.609615   0.159282E-035  -0.148456E-037   0.422949E-038  -0.602531E-036
 13.819071   0.117574E-036  -0.109463E-038   0.317344E-039  -0.451572E-037
 14.053808   0.505630E-038  -0.470158E-040   0.139096E-040  -0.197676E-038
 14.311103   0.123552E-039  -0.114727E-041   0.347286E-042  -0.492849E-040
 14.566765   0.246055E-041  -0.228175E-043   0.706837E-044  -0.100173E-041
 14.798643   0.608025E-043  -0.563180E-045   0.178142E-045  -0.252162E-043
 15.005717   0.204583E-044  -0.189304E-046   0.609919E-047  -0.862464E-045
 15.194637   0.876278E-046  -0.810120E-048   0.265358E-048  -0.374899E-046
 15.371628   0.438964E-047  -0.405502E-049   0.134858E-049  -0.190376E-047
 15.541471   0.239176E-048  -0.220783E-050   0.744865E-051  -0.105073E-048
 15.707963   0.133236E-049  -0.122904E-051   0.420426E-052  -0.592655E-050
 15.874437   0.716235E-051  -0.660257E-053   0.228957E-053  -0.322534E-051
 16.044227   0.349688E-052  -0.322146E-054   0.113251E-054  -0.159433E-052
 16.221121   0.144383E-053  -0.132923E-055   0.473911E-056  -0.666723E-054
 16.409892   0.460393E-055  -0.423566E-057   0.153261E-057  -0.215469E-055
 16.616749   0.101005E-056  -0.928594E-059   0.341375E-059  -0.479598E-057
 16.848335   0.136424E-058  -0.125327E-060   0.468778E-061  -0.658091E-059
 17.103774   0.121117E-060  -0.111178E-062   0.423547E-063  -0.594134E-061
 17.361255   0.115621E-062  -0.106057E-064   0.411134E-065  -0.576310E-063
 17.596292   0.195288E-064  -0.179027E-066   0.704346E-067  -0.986740E-065
 17.805969   0.602367E-066  -0.551943E-068   0.219832E-068  -0.307822E-066
 17.997106   0.287296E-067  -0.263139E-069   0.105911E-069  -0.148243E-067
 18.176350   0.180930E-068  -0.165658E-070   0.673014E-071  -0.941685E-069
 18.348531   0.133966E-069  -0.122618E-071   0.502483E-072  -0.702852E-070
 18.516912   0.107658E-070  -0.985085E-073   0.407017E-073  -0.569148E-071
 18.683543   0.891759E-072  -0.815731E-074   0.339751E-074  -0.474950E-072
 18.849556   0.738695E-073  -0.675524E-075   0.283578E-075  -0.396314E-073
 19.015566   0.600885E-074  -0.549346E-076   0.232417E-076  -0.324725E-074
 19.182185   0.471096E-075  -0.430571E-077   0.183592E-077  -0.256439E-075
 19.350538   0.344663E-076  -0.314928E-078   0.135346E-078  -0.188998E-076
 19.522664   0.222307E-077  -0.203071E-079   0.879860E-080  -0.122831E-077
 19.701813   0.115411E-078  -0.105393E-080   0.460603E-081  -0.642832E-079
 19.892801   0.420486E-080  -0.383867E-082   0.169362E-082  -0.236294E-080
 20.102256   0.884382E-082  -0.807077E-084   0.359963E-084  -0.502045E-082
 20.336993   0.856826E-084  -0.781608E-086   0.353064E-086  -0.492226E-084
 20.594289   0.373267E-086  -0.340344E-088   0.155984E-088  -0.217370E-086
 20.849950   0.125100E-088  -0.114014E-090   0.530311E-091  -0.738683E-089
 21.081829   0.593238E-091  -0.540449E-093   0.254788E-093  -0.354762E-091
 21.288902   0.451509E-093  -0.411186E-095   0.196184E-095  -0.273070E-093
 21.477822   0.496948E-095  -0.452425E-097   0.218208E-097  -0.303633E-095
 21.654813   0.697200E-097  -0.634557E-099   0.309135E-099  -0.430038E-097
 21.824657   0.112106E-098  -0.102007E-100   0.501694E-101  -0.697728E-099
 21.991148   0.188929E-100  -0.171864E-102   0.853112E-103  -0.118617E-100
 22.157622   0.307385E-102  -0.279552E-104   0.140040E-104  -0.194666E-102
 22.327412   0.443469E-104  -0.403214E-106   0.203863E-106  -0.283317E-104
 22.504306   0.514010E-106  -0.467236E-108   0.238495E-108  -0.331367E-106
 22.693078   0.422690E-108  -0.384127E-110   0.198056E-110  -0.275113E-108
 22.899935   0.210858E-110  -0.191568E-112   0.998535E-113  -0.138666E-110
 23.131520   0.550396E-113  -0.499895E-115   0.263696E-115  -0.366090E-113
 23.386959   0.828732E-116  -0.752461E-118   0.402008E-118  -0.557943E-116
 23.644440   0.141918E-118  -0.128820E-120   0.696651E-121  -0.966608E-119
 23.879477   0.542956E-121  -0.492723E-123   0.269246E-123  -0.373494E-121
 24.089154   0.479864E-123  -0.435382E-125   0.239981E-125  -0.332835E-123
 24.280292   0.775884E-125  -0.703844E-127   0.390851E-127  -0.541993E-125
 24.459536   0.184523E-126  -0.167365E-128   0.935590E-129  -0.129720E-126
 24.631716   0.550450E-128  -0.499199E-130   0.280782E-130  -0.389255E-128
 24.800098   0.184668E-129  -0.167452E-131   0.947418E-132  -0.131327E-129
 24.966728   0.649560E-131  -0.588932E-133   0.335125E-133  -0.464480E-131
 25.132741   0.229953E-132  -0.208465E-134   0.119298E-134  -0.165326E-132
 25.298751   0.799488E-134  -0.724691E-136   0.417056E-136  -0.577904E-134
 25.465370   0.266256E-135  -0.241318E-137   0.139662E-137  -0.193504E-135
 25.633724   0.813712E-137  -0.737409E-139   0.429217E-139  -0.594620E-137
 25.805849   0.211662E-138  -0.191790E-140   0.112295E-140  -0.155551E-138
 25.984998   0.415601E-140  -0.376535E-142   0.221854E-142  -0.307275E-140
 26.175986   0.514535E-142  -0.466105E-144   0.276537E-144  -0.382962E-142
 26.385441   0.311182E-144  -0.281848E-146   0.168551E-146  -0.233383E-144
 26.620178   0.686358E-147  -0.621543E-149   0.375185E-149  -0.519407E-147
 26.877474   0.539319E-150  -0.488289E-152   0.297919E-152  -0.412360E-150
 27.133136   0.307708E-153  -0.278535E-155   0.171812E-155  -0.237764E-153
 27.365014   0.282903E-156  -0.256034E-158   0.159524E-158  -0.220721E-156
 27.572087   0.491378E-159  -0.444637E-161   0.279524E-161  -0.386695E-159
 27.761008   0.140067E-161  -0.126725E-163   0.803147E-164  -0.111093E-161
 27.937999   0.554283E-164  -0.501418E-166   0.320189E-166  -0.442835E-164
 28.107842   0.264769E-166  -0.239487E-168   0.154029E-168  -0.213003E-166
 28.274333   0.135845E-168  -0.122858E-170   0.795709E-171  -0.110024E-168
